update,frames,FPS,duration,rreturn_mean,rreturn_std,rreturn_min,rreturn_max,num_frames_mean,num_frames_std,num_frames_min,num_frames_max,entropy,value,policy_loss,value_loss,grad_norm,return_mean,return_std,return_min,return_max
1,2048,667.9375402884485,3,0.0,0.0,0,0,0.0,0.0,0,0,1.9356370717287064,-0.18032723665237427,-0.03007879597134888,0.0007027792744338512,0.03765837341717282,0.0,0.0,0,0
update,frames,FPS,duration,rreturn_mean,rreturn_std,rreturn_min,rreturn_max,num_frames_mean,num_frames_std,num_frames_min,num_frames_max,entropy,value,policy_loss,value_loss,grad_norm,return_mean,return_std,return_min,return_max
2,4096,667.7644252206982,6,0.0,0.0,0,0,0.0,0.0,0,0,1.9369425177574158,-0.13082242850214243,-0.025773764587938786,0.00019132722809445113,0.019169444533640563,0.0,0.0,0,0
update,frames,FPS,duration,rreturn_mean,rreturn_std,rreturn_min,rreturn_max,num_frames_mean,num_frames_std,num_frames_min,num_frames_max,entropy,value,policy_loss,value_loss,grad_norm,return_mean,return_std,return_min,return_max
3,6144,672.013288283848,9,0.019618055317550898,0.053822523721605356,0.0,0.19722221791744232,321.4375,8.499770217482352,289.0,324.0,1.92752343416214,-0.09554882347583771,-0.03827942395582795,0.001228057939442806,0.02458323111677184,0.019618055317550898,0.053822523721605356,0.0,0.19722221791744232
update,frames,FPS,duration,rreturn_mean,rreturn_std,rreturn_min,rreturn_max,num_frames_mean,num_frames_std,num_frames_min,num_frames_max,entropy,value,policy_loss,value_loss,grad_norm,return_mean,return_std,return_min,return_max
4,8192,673.5121788629883,12,0.019618055317550898,0.053822523721605356,0.0,0.19722221791744232,321.4375,8.499770217482352,289.0,324.0,1.9347481429576874,-0.07978261169046164,-0.01487916347105056,8.198304658435518e-05,0.009704923447663895,0.019618055317550898,0.053822523721605356,0.0,0.19722221791744232
update,frames,FPS,duration,rreturn_mean,rreturn_std,rreturn_min,rreturn_max,num_frames_mean,num_frames_std,num_frames_min,num_frames_max,entropy,value,policy_loss,value_loss,grad_norm,return_mean,return_std,return_min,return_max
5,10240,666.6305999433941,15,0.0072916666977107525,0.028240503686328973,0.0,0.11666666716337204,323.625,1.4523687548277813,318.0,324.0,1.9390775859355927,-0.06998179852962494,-0.012794459355063736,5.425652034318773e-05,0.00792521761372593,0.0072916666977107525,0.028240503686328973,0.0,0.11666666716337204
update,frames,FPS,duration,rreturn_mean,rreturn_std,rreturn_min,rreturn_max,num_frames_mean,num_frames_std,num_frames_min,num_frames_max,entropy,value,policy_loss,value_loss,grad_norm,return_mean,return_std,return_min,return_max
6,12288,671.2230419262858,18,0.0,0.0,0.0,0.0,324.0,0.0,324.0,324.0,1.9328902214765549,-0.05937812617048621,-0.014309262274764478,0.00022548473134520464,0.011190887235797493,0.0,0.0,0.0,0.0
update,frames,FPS,duration,rreturn_mean,rreturn_std,rreturn_min,rreturn_max,num_frames_mean,num_frames_std,num_frames_min,num_frames_max,entropy,value,policy_loss,value_loss,grad_norm,return_mean,return_std,return_min,return_max
7,14336,675.0718274820769,21,0.06701388955116272,0.1798969720484929,0.0,0.6222222447395325,304.375,53.06702719203329,136.0,324.0,1.933672919869423,-0.04402438784018159,-0.017228749580681324,0.002238441611552844,0.031097807500088573,0.06701388955116272,0.1798969720484929,0.0,0.6222222447395325
update,frames,FPS,duration,rreturn_mean,rreturn_std,rreturn_min,rreturn_max,num_frames_mean,num_frames_std,num_frames_min,num_frames_max,entropy,value,policy_loss,value_loss,grad_norm,return_mean,return_std,return_min,return_max
8,16384,675.4320904868872,24,0.07934027817100286,0.18163132964127293,0.0,0.6222222447395325,302.1875,52.93417935275846,136.0,324.0,1.9408284723758698,-0.03363302489742637,-0.013029867317527533,0.00020143987057963386,0.008758640835050124,0.07934027817100286,0.18163132964127293,0.0,0.6222222447395325
update,frames,FPS,duration,rreturn_mean,rreturn_std,rreturn_min,rreturn_max,num_frames_mean,num_frames_std,num_frames_min,num_frames_max,entropy,value,policy_loss,value_loss,grad_norm,return_mean,return_std,return_min,return_max
9,18432,666.5789211396212,27,0.040451387874782085,0.11597832664325211,0.0,0.44999998807907104,313.9375,31.10560389624352,198.0,324.0,1.9411796778440475,-0.02819650573655963,-0.004833631974179298,2.8435765898393583e-05,0.004340413514241726,0.040451387874782085,0.11597832664325211,0.0,0.44999998807907104
update,frames,FPS,duration,rreturn_mean,rreturn_std,rreturn_min,rreturn_max,num_frames_mean,num_frames_std,num_frames_min,num_frames_max,entropy,value,policy_loss,value_loss,grad_norm,return_mean,return_std,return_min,return_max
10,20480,665.3826201510841,30,0.0,0.0,0.0,0.0,324.0,0.0,324.0,324.0,1.9408544898033142,-0.023002240573987365,-0.004510230268351734,3.032011022696679e-05,0.004611330058483253,0.0,0.0,0.0,0.0
11,22528,675.7985334037407,33,0.04635416716337204,0.17952891745105462,0.0,0.7416666746139526,309.5625,55.91619706086958,93.0,324.0,1.9339045137166977,-0.010599457542411983,-0.01140692108310759,0.0017718089438858442,0.010664595841905818,0.04635416716337204,0.17952891745105462,0.0,0.7416666746139526
12,24576,671.940008989515,36,0.11927083320915699,0.2540783639772266,0.0,0.7416666746139526,287.8125,77.79477709814458,93.0,324.0,1.9309529066085815,0.0049278569931630045,-0.009924604906700552,0.0017249134252779186,0.019988467920445147,0.11927083320915699,0.2540783639772266,0.0,0.7416666746139526
13,26624,675.0981428058,39,0.10694444365799427,0.2269165618448571,0.0,0.7055555582046509,292.25,67.959086956786,106.0,324.0,1.935515284538269,0.01142691598215606,-0.0029024891555309296,0.0009830650451476686,0.018332953979391144,0.10694444365799427,0.2269165618448571,0.0,0.7055555582046509
14,28672,671.5209315997173,42,0.05104166641831398,0.14336157530440655,0.0,0.5444444417953491,310.125,40.592294527410004,164.0,324.0,1.9387533366680145,0.01595974201336503,0.00047275255496970203,0.0001869443840405438,0.00491024200540637,0.05104166641831398,0.14336157530440655,0.0,0.5444444417953491
15,30720,672.04472863347,45,0.09427083283662796,0.21016892331732726,0.0,0.6916666626930237,296.8125,62.742747339832036,111.0,324.0,1.9369740635156631,0.023929673479869962,-0.003859683623886667,0.0006373554970195983,0.013912533999673208,0.09427083283662796,0.21016892331732726,0.0,0.6916666626930237
16,32768,675.037875256923,48,0.0876736119389534,0.23198804029373526,0.0,0.7111111283302307,296.9375,71.61133704763513,104.0,324.0,1.9388168901205063,0.023417860036715865,-0.0015944161496008746,0.0014159894490148872,0.020125270924964113,0.0876736119389534,0.23198804029373526,0.0,0.7111111283302307
17,34816,667.7520187991893,51,0.04444444552063942,0.1721325973328593,0.0,0.7111111283302307,310.25,53.25352101035198,104.0,324.0,1.940863773226738,0.01378479169216007,0.00231579682440497,0.00012201618665130809,0.008006536213419766,0.04444444552063942,0.1721325973328593,0.0,0.7111111283302307
18,36864,667.4197087199709,55,0.04444444552063942,0.1721325973328593,0.0,0.7111111283302307,310.25,53.25352101035198,104.0,324.0,1.942374512553215,0.013122925418429077,0.003650331753306091,4.663054323827964e-05,0.00318603001461822,0.04444444552063942,0.1721325973328593,0.0,0.7111111283302307
19,38912,669.5209671167612,58,0.04201388731598854,0.16271908588425862,0.0,0.6722221970558167,311.125,49.86466058242049,118.0,324.0,1.9380574226379395,0.01511916471645236,-0.0037425000919029117,0.0006918683502590284,0.009550706085515951,0.04201388731598854,0.16271908588425862,0.0,0.6722221970558167
20,40960,673.0741034373114,61,0.05416666530072689,0.1663480694584395,0.0,0.6722221970558167,309.0,49.994999749974994,118.0,324.0,1.9371717125177383,0.011491753975860775,0.0010880635090870783,0.00018640075268194778,0.0082694911932591,0.05416666530072689,0.1663480694584395,0.0,0.6722221970558167
21,43008,675.4834514337462,64,0.11059027723968029,0.2255057282424552,0.0,0.824999988079071,293.1875,68.4372146112771,63.0,324.0,1.9265285432338715,0.018622672650963068,-0.010200586722930893,0.0023033333418425173,0.02067895490128005,0.11059027723968029,0.2255057282424552,0.0,0.824999988079071
22,45056,670.9724254791182,67,0.2222222201526165,0.30583793438213147,0.0,0.824999988079071,257.5,93.94745872028685,63.0,324.0,1.9251876175403595,0.037062706891447306,-0.013564958819188178,0.0019511868304107338,0.028627167228885378,0.2222222201526165,0.30583793438213147,0.0,0.824999988079071
23,47104,679.644084693634,70,0.22083333134651184,0.3004353151044613,0.0,0.7749999761581421,258.0,91.7830322009466,81.0,324.0,1.928521916270256,0.0364742586389184,0.002331181189219933,0.0012933384568896145,0.017953506177554653,0.22083333134651184,0.3004353151044613,0.0,0.7749999761581421
24,49152,675.7204928155969,73,0.1593749988824129,0.2915308433216209,0.0,0.8083333373069763,275.625,90.32986424765622,69.0,324.0,1.921119064092636,0.04323880933225155,-0.0048876099281187635,0.0015977059520082548,0.027503284279342892,0.1593749988824129,0.2915308433216209,0.0,0.8083333373069763
25,51200,675.2847964169855,76,0.14010416716337204,0.29373106979590996,0.0,0.8083333373069763,280.3125,91.80667101986653,69.0,324.0,1.926955372095108,0.030712208477780223,-0.001025128149194643,0.0015074742259457707,0.01310645178325881,0.14010416716337204,0.29373106979590996,0.0,0.8083333373069763
26,53248,671.9009577594787,79,0.09652777807787061,0.23774658360636014,0.0,0.800000011920929,296.0,74.09453421137081,72.0,324.0,1.9350139647722244,0.024093498243018985,0.003046720099519007,0.0003801361108344281,0.010344072461547688,0.09652777807787061,0.23774658360636014,0.0,0.800000011920929
27,55296,675.3491433850267,82,0.10555555718019605,0.22025825218354864,0.0,0.7416666746139526,295.0,66.92066198118485,93.0,324.0,1.924413412809372,0.038606501184403896,-0.007077102083712816,0.0012942522735102102,0.014727290056378156,0.10555555718019605,0.22025825218354864,0.0,0.7416666746139526
28,57344,668.7484904970428,85,0.11666666902601719,0.2246975890664766,0.0,0.7416666746139526,291.0,67.21885896086009,93.0,324.0,1.9322583377361298,0.030190791469067335,0.0026464432303328067,0.0005657599358528387,0.01039884481159601,0.11666666902601719,0.2246975890664766,0.0,0.7416666746139526
29,59392,667.7961960670781,88,0.11875000037252903,0.22403018871547617,0.0,0.7222222089767456,290.25,66.62628985618214,100.0,324.0,1.927750214934349,0.029398332349956036,-0.004392464172269683,0.001389869867125526,0.018785843654269156,0.11875000037252903,0.22403018871547617,0.0,0.7222222089767456
30,61440,669.6386108299707,91,0.11215277761220932,0.24803213829135293,0.0,0.7472222447395325,290.375,76.21341335355608,91.0,324.0,1.9325689226388931,0.024225779809057713,-0.001571812063048128,0.00104783000642783,0.01874621054364406,0.11215277761220932,0.24803213829135293,0.0,0.7472222447395325
31,63488,673.5349399498648,94,0.14322916977107525,0.2640623915729123,0.0,0.7472222447395325,281.4375,80.59464060190355,91.0,324.0,1.9156855344772339,0.03892866661772132,-0.0061116834403947,0.002272214027470909,0.02102721041421559,0.14322916977107525,0.2640623915729123,0.0,0.7472222447395325
32,65536,673.6499835468169,97,0.30260417237877846,0.3332472003818583,0.0,0.8138889074325562,233.0625,103.8980682869032,67.0,324.0,1.8984032571315765,0.05580941587686539,-0.021230783546343446,0.005374011932872236,0.04748533766305082,0.30260417237877846,0.3332472003818583,0.0,0.8138889074325562
33,67584,673.6628742582594,100,0.3881944455206394,0.3929494126013939,0.0,0.8777777552604675,202.25,123.71110499870252,44.0,324.0,1.877712458372116,0.0697569022886455,-0.026694378117099404,0.006448633910622448,0.039035584194732444,0.3881944455206394,0.3929494126013939,0.0,0.8777777552604675
34,69632,674.8909121279056,103,0.3895833380520344,0.3574891853336169,0.0,0.8583333492279053,204.0,111.64116624256485,51.0,324.0,1.8699058145284653,0.10736591182649136,-0.028109370032325387,0.00968472397653386,0.05120614027746428,0.3895833380520344,0.3574891853336169,0.0,0.8583333492279053
35,71680,678.0799087340121,106,0.525868056807667,0.31734320978017044,0.0,0.8888888955116272,163.9375,103.40845513665698,40.0,324.0,1.8586793094873428,0.1388267893344164,-0.011436899687396362,0.00717706058640033,0.04115765285145492,0.525868056807667,0.31734320978017044,0.0,0.8888888955116272
36,73728,675.4401101408237,109,0.4539930587634444,0.3796369344600585,0.0,0.9166666865348816,187.5625,126.41052604016012,30.0,324.0,1.8420804888010025,0.16599041037261486,-0.009483668065513484,0.00894525065086782,0.04388918689633639,0.4539930587634444,0.3796369344600585,0.0,0.9166666865348816
37,75776,677.8514259885166,112,0.4861111091449857,0.2998375952914446,0.0,0.9083333611488342,178.25,97.39770274498265,33.0,324.0,1.8537414968013763,0.17940301448106766,-0.009053760695678648,0.005540939746424556,0.04125949373253206,0.4861111091449857,0.2998375952914446,0.0,0.9083333611488342
38,77824,674.4080977322914,115,0.5619791625067592,0.3388728305410809,0.0,0.8777777552604675,150.9375,111.12519333503992,44.0,324.0,1.8546660989522934,0.18869292177259922,-0.00890841893851757,0.006363759515807033,0.039534182595173606,0.5619791625067592,0.3388728305410809,0.0,0.8777777552604675
39,79872,685.7071668040486,118,0.5939393971454013,0.3154044468485775,0.0,0.9222221970558167,141.27272727272728,104.62277772949211,28.0,324.0,1.7997386157512665,0.2613114155828953,-0.03546376433223486,0.010797486291266978,0.06589091790719723,0.5939393971454013,0.3154044468485775,0.0,0.9222221970558167
40,81920,685.7797568409247,121,0.7120915055274963,0.23161117969718756,0.0,0.925000011920929,101.52941176470588,77.0600359132287,27.0,324.0,1.7658705413341522,0.2879134751856327,-0.0242751135956496,0.00619219132931903,0.04587153169038393,0.7120915055274963,0.23161117969718756,0.0,0.925000011920929
41,83968,682.8467814499245,124,0.6896604945262274,0.24411770761630777,0.0,0.9277777671813965,109.72222222222223,82.45120143020324,26.0,324.0,1.749049499630928,0.31031982600688934,-0.01220925827510655,0.007867894193623215,0.06023510535622047,0.6896604945262274,0.24411770761630777,0.0,0.9277777671813965
42,86016,679.0467496021736,128,0.8166666690792356,0.17558377147332538,0.24166665971279144,0.949999988079071,66.0,63.21015590491618,18.0,273.0,1.716282457113266,0.3478669300675392,-0.020016260154079646,0.008539194939658046,0.04994094333494837,0.8166666690792356,0.17558377147332538,0.24166665971279144,0.949999988079071
43,88064,681.6888483346627,131,0.6661324776135958,0.3420087386227649,0.0,0.9472222328186035,116.03846153846153,115.32278471558087,19.0,324.0,1.7109763473272324,0.3611512742936611,-0.019284676935058087,0.013739335350692272,0.09796842694076141,0.6661324776135958,0.3420087386227649,0.0,0.9472222328186035
44,90112,683.5507310706332,134,0.8313368046656251,0.13774570490188587,0.4166666567325592,0.9555555582046509,60.71875,49.58845277317594,16.0,210.0,1.6142264902591705,0.41761916503310204,-0.04068097076378763,0.00914180523250252,0.08525597566605532,0.8313368046656251,0.13774570490188587,0.4166666567325592,0.9555555582046509
45,92160,688.2380260894674,137,0.8317966892364177,0.19783004077878968,0.0,0.9472222328186035,59.02127659574468,64.86499543215012,19.0,324.0,1.5405553579330444,0.4955674409866333,-0.060785620007663965,0.008478766889311373,0.06644456126310722,0.8317966892364177,0.19783004077878968,0.0,0.9472222328186035
46,94208,683.75291926512,140,0.8781653781269871,0.07529390366457377,0.605555534362793,0.9555555582046509,43.86046511627907,27.105805947485432,16.0,142.0,1.481955885887146,0.5549449026584625,-0.04584295256063342,0.00796630117110908,0.07265932890239477,0.8781653781269871,0.07529390366457377,0.605555534362793,0.9555555582046509
47,96256,682.1385382303048,143,0.8932098779413435,0.1145689667869582,0.23888888955116272,0.9555555582046509,38.44444444444444,41.244827584427306,16.0,274.0,1.4972595125436783,0.5540345683693886,-0.014245235011912882,0.005596593488007784,0.04864047934135271,0.8932098779413435,0.1145689667869582,0.23888888955116272,0.9555555582046509
48,98304,686.3643214402031,146,0.8789272015464717,0.13235998737184954,0.17222222685813904,0.949999988079071,43.58620689655172,47.64959546188542,18.0,298.0,1.46658094227314,0.6396840363740921,-0.03484304156154394,0.006852962716948241,0.08089230260813454,0.8789272015464717,0.13235998737184954,0.17222222685813904,0.949999988079071
49,100352,687.368314111947,149,0.9035087698384335,0.042750762426332585,0.7555555701255798,0.949999988079071,34.73684210526316,15.390275256922509,18.0,88.0,1.4301971793174744,0.665374681353569,-0.047353374771773815,0.00511992973042652,0.07172360597948454,0.9035087698384335,0.042750762426332585,0.7555555701255798,0.949999988079071
50,102400,686.449832002311,151,0.9041005278390551,0.05197184046253637,0.7444444298744202,0.9583333134651184,34.523809523809526,18.709862557381328,15.0,92.0,1.38007490336895,0.7166827842593193,-0.041338127572089434,0.004455748479813337,0.07139081538920156,0.9041005278390551,0.05197184046253637,0.7444444298744202,0.9583333134651184
51,104448,690.9620027529294,154,0.9124158250563073,0.04710626402240817,0.6944444179534912,0.9555555582046509,31.53030303030303,16.95825507119432,16.0,110.0,1.3342270702123642,0.7389276474714279,-0.029585351003333926,0.0042064856679644436,0.05096306980155606,0.9124158250563073,0.04710626402240817,0.6944444179534912,0.9555555582046509
52,106496,691.5047783424528,157,0.9184027802613046,0.027675107813757458,0.7916666865348816,0.9555555582046509,29.375,9.963039334348618,16.0,75.0,1.286712184548378,0.7643597796559334,-0.03057350916787982,0.001996125385630876,0.033919642450802034,0.9184027802613046,0.027675107813757458,0.7916666865348816,0.9555555582046509
53,108544,690.4764638976126,160,0.9276736117899418,0.019999247285274406,0.8416666388511658,0.9555555582046509,26.0375,7.1997287275285595,16.0,57.0,1.3196052014827728,0.7905717268586159,-0.029782567638903856,0.0016444718203274533,0.0318705826550669,0.9276736117899418,0.019999247285274406,0.8416666388511658,0.9555555582046509
54,110592,689.6659231224586,163,0.9180555560372092,0.040670615768085734,0.7222222089767456,0.9555555582046509,29.5,14.641421110029317,16.0,100.0,1.3768669664859772,0.7762741148471832,0.004994564525077294,0.0026024074177257717,0.029101468953186178,0.9180555560372092,0.040670615768085734,0.7222222089767456,0.9555555582046509
55,112640,685.7628396897007,166,0.9186567219335642,0.025803854666933683,0.7805555462837219,0.9555555582046509,29.28358208955224,9.289387252496441,16.0,79.0,1.3858762830495834,0.7852141261100769,0.0051401760429143906,0.001958312655915506,0.032521833087962616,0.9186567219335642,0.025803854666933683,0.7805555462837219,0.9555555582046509
56,114688,688.5422169368568,169,0.9128676460069769,0.041379468359115275,0.7138888835906982,0.9611111283302307,31.36764705882353,14.896608784793846,14.0,103.0,1.4503231048583984,0.7890020534396172,0.006548062083311379,0.001908306308905594,0.023884330776055115,0.9128676460069769,0.041379468359115275,0.7138888835906982,0.9611111283302307
57,116736,687.0798876027928,172,0.9096354218199849,0.03705031424946293,0.7277777791023254,0.9472222328186035,32.53125,13.338113563675337,19.0,98.0,1.5280796140432358,0.764822244644165,0.01653444580733776,0.0022459672472905368,0.03486599273381989,0.9096354218199849,0.03705031424946293,0.7277777791023254,0.9472222328186035
58,118784,685.8864800524887,175,0.8867777764797211,0.060970948570813456,0.6472222208976746,0.9472222328186035,40.76,21.949542136454692,19.0,127.0,1.4944407790899277,0.7295670136809349,0.025227638194337487,0.002841318811988458,0.04159861677347296,0.8867777764797211,0.060970948570813456,0.6472222208976746,0.9472222328186035
59,120832,687.942808852634,178,0.898113210246248,0.045674707465350024,0.6666666865348816,0.949999988079071,36.679245283018865,16.44289556388235,18.0,120.0,1.5119118094444275,0.7264540195465088,-0.0018780959508148953,0.0024269132409244776,0.03216244782550402,0.898113210246248,0.045674707465350024,0.6666666865348816,0.949999988079071
60,122880,684.8069277796636,181,0.9003968238830566,0.045402708179877786,0.6861110925674438,0.9555555582046509,35.857142857142854,16.344973639174402,16.0,113.0,1.451958954334259,0.7307658568024635,-0.007628259132616222,0.003209418850019574,0.03233401917133613,0.9003968238830566,0.045402708179877786,0.6861110925674438,0.9555555582046509
61,124928,688.1898899408545,184,0.9047178143546695,0.0367769782783173,0.7277777791023254,0.9444444179534912,34.301587301587304,13.23971289267534,20.0,98.0,1.4223225116729736,0.7462947368621826,-0.012684709159657359,0.0024273655435536057,0.030612680941766245,0.9047178143546695,0.0367769782783173,0.7277777791023254,0.9444444179534912
62,126976,686.6217952043379,187,0.9153755878058958,0.028651482481858965,0.7916666865348816,0.9555555582046509,30.464788732394368,10.314533689753315,16.0,75.0,1.4034795612096786,0.7729350924491882,-0.01954559632577002,0.002176118752686307,0.03334813245099879,0.9153755878058958,0.028651482481858965,0.7916666865348816,0.9555555582046509
63,129024,685.8798533754967,190,0.9162634428470365,0.022598993434478895,0.8305555582046509,0.9527778029441833,30.14516129032258,8.135637997056328,17.0,61.0,1.399921178817749,0.7662935182452202,-0.00014347306751005817,0.001920257360325195,0.031060917614410537,0.9162634428470365,0.022598993434478895,0.8305555582046509,0.9527778029441833
64,131072,689.4650931760175,193,0.9135620953405604,0.03531529262724713,0.7638888955116272,0.9583333134651184,31.11764705882353,12.713505338539784,15.0,85.0,1.395171895623207,0.776166096329689,-0.01063698052894324,0.0020921321847708896,0.027249134902450282,0.9135620953405604,0.03531529262724713,0.7638888955116272,0.9583333134651184
65,133120,686.5223598998198,196,0.9176984122821263,0.023103417883487888,0.8416666388511658,0.9555555582046509,29.62857142857143,8.317230700816964,16.0,57.0,1.394892081618309,0.7794712483882904,-0.004879829881247133,0.0016588814469287172,0.026249833545043406,0.9176984122821263,0.023103417883487888,0.8416666388511658,0.9555555582046509
66,135168,683.5999068578087,199,0.9073315116225696,0.05221280279431318,0.6583333611488342,0.949999988079071,33.36065573770492,18.796610077077204,18.0,123.0,1.3884229212999344,0.7680756747722626,0.014649399789050221,0.0032275694829877466,0.0423290925349297,0.9073315116225696,0.05221280279431318,0.6583333611488342,0.949999988079071
67,137216,686.9359848357926,202,0.9141376445542521,0.028569684220606323,0.7944444417953491,0.949999988079071,30.91044776119403,10.285087514097496,18.0,74.0,1.4001366943120956,0.7678166106343269,-0.0014171913790050894,0.0022689729230478406,0.032256287153895766,0.9141376445542521,0.028569684220606323,0.7944444417953491,0.949999988079071
68,139264,682.1353964102411,205,0.9185457518872093,0.03580957687064968,0.7138888835906982,0.949999988079071,29.323529411764707,12.891448575190532,18.0,103.0,1.350398913025856,0.7769568338990211,-0.007300639059394598,0.0022405586059903726,0.031134248011013627,0.9185457518872093,0.03580957687064968,0.7138888835906982,0.949999988079071
69,141312,686.9957034849582,208,0.9229437228921172,0.029248246911392804,0.7361111044883728,0.9555555582046509,27.74025974025974,10.529368448892603,16.0,95.0,1.320675402879715,0.7936663776636124,-0.00897767866263166,0.0017097042145906016,0.02820603248920823,0.9229437228921172,0.029248246911392804,0.7361111044883728,0.9555555582046509
70,143360,687.2069721558255,211,0.9289780516683319,0.021123100604998335,0.8361111283302307,0.9583333134651184,25.567901234567902,7.604316953936389,15.0,59.0,1.2981354147195816,0.8154080361127853,-0.00789005501428619,0.0011724244250217453,0.017222846952058224,0.9289780516683319,0.021123100604998335,0.8361111283302307,0.9583333134651184
71,145408,691.5557177159166,214,0.9283607675705428,0.015784346655101526,0.8777777552604675,0.9555555582046509,25.790123456790123,5.6823661594395345,16.0,44.0,1.4074260890483856,0.8175910413265228,0.001396113591908943,0.0008041458277148195,0.019002753060188372,0.9283607675705428,0.015784346655101526,0.8777777552604675,0.9555555582046509
72,147456,688.7719449103334,217,0.9152991478259747,0.02554311506366762,0.824999988079071,0.9555555582046509,30.49230769230769,9.195522450415456,16.0,63.0,1.5419466644525528,0.7907544299960136,0.017224313807673752,0.0014469622547039762,0.028791985522905864,0.9152991478259747,0.02554311506366762,0.824999988079071,0.9555555582046509
73,149504,686.7828075607127,220,0.9058908049402565,0.03824062457230972,0.730555534362793,0.949999988079071,33.87931034482759,13.766623288437694,18.0,97.0,1.5817205756902695,0.7610692009329796,0.026843689614906907,0.0021967847569612786,0.047409585409599664,0.9058908049402565,0.03824062457230972,0.730555534362793,0.949999988079071
74,151552,686.7720454305966,223,0.8746031735624585,0.05180661322800736,0.675000011920929,0.9416666626930237,45.142857142857146,18.650381623277244,21.0,117.0,1.609124630689621,0.7261002212762833,0.04238260770216584,0.0024666542012710124,0.04866213191997305,0.8746031735624585,0.05180661322800736,0.675000011920929,0.9416666626930237
75,153600,679.3594700228176,226,0.8756613773959023,0.05879700834096954,0.6138888597488403,0.9388889074325562,44.76190476190476,21.166921097619145,22.0,139.0,1.5619269758462906,0.6876606643199921,0.022035645553842187,0.003837134543573484,0.04556613597323172,0.8756613773959023,0.05879700834096954,0.6138888597488403,0.9388889074325562
76,155648,680.0895185135395,229,0.8588164286768954,0.0985439864642509,0.48055556416511536,0.9444444179534912,50.82608695652174,35.47583644742732,20.0,187.0,1.5718895494937897,0.6836285144090652,0.014974376535974443,0.004647827765438706,0.05285641680634197,0.8588164286768954,0.0985439864642509,0.48055556416511536,0.9444444179534912
77,157696,684.5036822036374,232,0.8837222230434417,0.04878464295094122,0.730555534362793,0.949999988079071,41.86,17.5624713522898,18.0,97.0,1.5121737122535706,0.6847558841109276,-0.00849494049907662,0.00400533591164276,0.05032823557427053,0.8837222230434417,0.04878464295094122,0.730555534362793,0.949999988079071
78,159744,682.5542719800042,235,0.8902515690281706,0.05128395276975923,0.7222222089767456,0.9583333134651184,39.509433962264154,18.462223175589166,15.0,100.0,1.458393171429634,0.702781118452549,-0.00829425104893744,0.004154509864747524,0.03891829129215124,0.8902515690281706,0.05128395276975923,0.7222222089767456,0.9583333134651184
79,161792,683.0802743124951,238,0.8982456117345575,0.0657725777223529,0.6388888955116272,0.9527778029441833,36.63157894736842,23.678127873887927,17.0,130.0,1.4324319660663605,0.7122825980186462,-0.02255754778161645,0.004476161760976538,0.04270495244566948,0.8982456117345575,0.0657725777223529,0.6388888955116272,0.9527778029441833
80,163840,688.2024609313942,241,0.9201492569339809,0.031387890767080956,0.7361111044883728,0.9555555582046509,28.746268656716417,11.299641103245357,16.0,95.0,1.3749336004257202,0.7540245801210403,-0.022211153525859118,0.0031495638249907643,0.04275467722681263,0.9201492569339809,0.031387890767080956,0.7361111044883728,0.9555555582046509
81,165888,687.899121028003,244,0.914906103846053,0.04417032026923479,0.6916666626930237,0.9555555582046509,30.633802816901408,15.90131488638749,16.0,111.0,1.4506081491708755,0.7766197100281715,-0.006943198372027837,0.0024594128190074116,0.03494497878648451,0.914906103846053,0.04417032026923479,0.6916666626930237,0.9555555582046509
82,167936,684.7255920968514,247,0.9204248373999315,0.028394958877831493,0.8111110925674438,0.9555555582046509,28.647058823529413,10.222185655953187,16.0,68.0,1.4359607249498367,0.777265802025795,-0.0009637223738536704,0.0028596864722203463,0.028441092115350466,0.9204248373999315,0.028394958877831493,0.8111110925674438,0.9555555582046509
83,169984,684.7183874512085,250,0.9135470078541682,0.043612699534975964,0.7055555582046509,0.9527778029441833,31.123076923076923,15.700570976690077,17.0,106.0,1.4656578749418259,0.7744392678141594,0.008734183211345226,0.0025272036145906895,0.029507499879389085,0.9135470078541682,0.043612699534975964,0.7055555582046509,0.9527778029441833
84,172032,683.1641535074384,253,0.9083333341404796,0.034891947650339074,0.7444444298744202,0.9527778029441833,33.0,12.56110066833317,17.0,92.0,1.47941055893898,0.7717707306146622,0.006543009221786633,0.0017013388278428465,0.02859065771635365,0.9083333341404796,0.034891947650339074,0.7444444298744202,0.9527778029441833
85,174080,685.0922466586943,256,0.9155058015638323,0.022526671102787724,0.8333333134651184,0.9472222328186035,30.417910447761194,8.109602293893008,19.0,60.0,1.4682102799415588,0.7736508399248123,-0.0029314931598491967,0.0016301722644129768,0.024134259625717025,0.9155058015638323,0.022526671102787724,0.8333333134651184,0.9472222328186035
86,176128,686.8904474161767,259,0.910931900624306,0.026843013188632345,0.7749999761581421,0.949999988079071,32.064516129032256,9.663484591144556,18.0,81.0,1.4714221805334091,0.7672971338033676,-0.001328801106865285,0.0016209641325986013,0.01918365789406428,0.910931900624306,0.026843013188632345,0.7749999761581421,0.949999988079071
87,178176,684.293199961794,262,0.9070340481496626,0.03879506798420883,0.6944444179534912,0.949999988079071,33.46774193548387,13.966223935988458,18.0,110.0,1.5417872667312622,0.7619108185172081,0.006145478822872974,0.0021970486268401146,0.032891377354960824,0.9070340481496626,0.03879506798420883,0.6944444179534912,0.949999988079071
88,180224,686.3406301725629,265,0.9045197741459992,0.03714793932344885,0.7444444298744202,0.9472222328186035,34.3728813559322,13.373257282422102,19.0,92.0,1.473037764430046,0.7605361342430115,0.00866043014684692,0.002363103034440428,0.026973400354638962,0.9045197741459992,0.03714793932344885,0.7444444298744202,0.9472222328186035
89,182272,687.6949691727775,268,0.9086419712929499,0.02674496509423519,0.7888888716697693,0.9527778029441833,32.888888888888886,9.62818466977412,17.0,76.0,1.503532037138939,0.7627089619636536,-0.00684775470290333,0.0016475964948767796,0.029216564597916852,0.9086419712929499,0.02674496509423519,0.7888888716697693,0.9527778029441833
90,184320,689.0174666054594,271,0.9108940977603197,0.02534153654440239,0.7805555462837219,0.9555555582046509,32.078125,9.122953002420598,16.0,79.0,1.4589148610830307,0.7628952786326408,-0.00393215077201603,0.0016654537757858634,0.028129387410937033,0.9108940977603197,0.02534153654440239,0.7805555462837219,0.9555555582046509
91,186368,688.6755851502134,274,0.9034600425184819,0.03960726813446188,0.6944444179534912,0.949999988079071,34.75438596491228,14.258614757345805,18.0,110.0,1.3949869871139526,0.7536966651678085,0.01031466614222154,0.0022731854405719787,0.026389404555159632,0.9034600425184819,0.03960726813446188,0.6944444179534912,0.949999988079071
92,188416,684.4802828335501,277,0.9174491410524073,0.02827866971215895,0.7472222447395325,0.9555555582046509,29.718309859154928,10.180322221015683,16.0,91.0,1.3389809280633926,0.7695977911353111,-0.02042496739886701,0.0021102319878991693,0.024476486861829308,0.9174491410524073,0.02827866971215895,0.7472222447395325,0.9555555582046509
93,190464,686.8554058410821,280,0.9235185178120932,0.026710357117759802,0.7888888716697693,0.9527778029441833,27.533333333333335,9.61572785712149,17.0,76.0,1.3520451039075851,0.785123273730278,-0.017013053176924586,0.0017348061373922974,0.026925676709056635,0.9235185178120932,0.026710357117759802,0.7888888716697693,0.9527778029441833
94,192512,685.9372523140777,283,0.9223290582497915,0.026256195182187657,0.7416666746139526,0.9611111283302307,27.96153846153846,9.45223119460231,14.0,93.0,1.3830610662698746,0.7999013438820839,-0.012981071369722486,0.0012079275475116447,0.02270025201103521,0.9223290582497915,0.026256195182187657,0.7416666746139526,0.9611111283302307
95,194560,687.9983494321367,286,0.9265649461410415,0.01630230409763934,0.8833333253860474,0.9555555582046509,26.43661971830986,5.868830040006648,16.0,42.0,1.4004403948783875,0.7990984469652176,-0.002618869435536908,0.001450003168429248,0.02613435586384457,0.9265649461410415,0.01630230409763934,0.8833333253860474,0.9555555582046509
96,196608,687.4706355766442,289,0.9200532697651485,0.026790860919829473,0.7777777910232544,0.9527778029441833,28.78082191780822,9.644711199355411,17.0,80.0,1.4733336120843887,0.8001007735729218,0.002990600056364201,0.000963445367233362,0.020610745511316343,0.9200532697651485,0.026790860919829473,0.7777777910232544,0.9527778029441833
97,198656,683.9018075128977,292,0.9072504760855336,0.026108093058546812,0.8388888835906982,0.9555555582046509,33.389830508474574,9.398912575313766,16.0,58.0,1.5728867501020432,0.7702332213521004,0.02238276833668351,0.0016091231373138726,0.029430960707520604,0.9072504760855336,0.026108093058546812,0.8388888835906982,0.9555555582046509
98,200704,684.3454267412203,295,0.8647486808754149,0.06319640664825207,0.6638888716697693,0.9361110925674438,48.69047619047619,22.750707048393334,23.0,121.0,1.6179032623767853,0.720339223742485,0.040408153552562,0.002813387254718691,0.04249193739053313,0.8647486808754149,0.06319640664825207,0.6638888716697693,0.9361110925674438
99,202752,687.0255392291771,298,0.8897959164210728,0.04232246115198823,0.7166666388511658,0.9416666626930237,39.673469387755105,15.236084658417026,21.0,102.0,1.5670279264450073,0.7176332324743271,0.011735992273315787,0.002789281395962462,0.03992885339132965,0.8897959164210728,0.04232246115198823,0.7166666388511658,0.9416666626930237
100,204800,685.1494045455981,301,0.8858490541296186,0.061408807978003285,0.5694444179534912,0.949999988079071,41.094339622641506,22.1071696309637,18.0,155.0,1.511081576347351,0.7245999574661255,0.0021139083728485275,0.0027870606572832912,0.03592083567638733,0.8858490541296186,0.061408807978003285,0.5694444179534912,0.949999988079071
101,206848,688.1666789239779,304,0.9045781934702838,0.028105865319789227,0.8138889074325562,0.949999988079071,34.351851851851855,10.118112485752885,18.0,67.0,1.4731885194778442,0.7366348654031754,-0.0009864185904007172,0.002442506200168282,0.02792501024335661,0.9045781934702838,0.028105865319789227,0.8138889074325562,0.949999988079071
102,208896,682.3230896714402,307,0.9038720573439742,0.036996650692536104,0.7972221970558167,0.9527778029441833,34.60606060606061,13.318793725385088,17.0,73.0,1.3561524897813797,0.7469924986362457,-0.017421338241547346,0.0024694314633961767,0.03111938270215093,0.9038720573439742,0.036996650692536104,0.7972221970558167,0.9527778029441833
103,210944,681.5969479459098,310,0.9149911810481359,0.04587784150361863,0.6361111402511597,0.9555555582046509,30.603174603174605,16.516023660098767,16.0,131.0,1.3556534051895142,0.7563297748565674,-0.009315910196164623,0.003333396918606013,0.04051431322210048,0.9149911810481359,0.04587784150361863,0.6361111402511597,0.9555555582046509
