update,frames,FPS,duration,rreturn_mean,rreturn_std,rreturn_min,rreturn_max,num_frames_mean,num_frames_std,num_frames_min,num_frames_max,entropy,value,policy_loss,value_loss,grad_norm,return_mean,return_std,return_min,return_max
1,2048,672.2124426609768,3,0.0,0.0,0,0,0.0,0.0,0,0,1.8951018750667572,0.05710064433515072,0.006957438657991588,0.0003795292395807337,0.03480764269998653,0.0,0.0,0,0
update,frames,FPS,duration,rreturn_mean,rreturn_std,rreturn_min,rreturn_max,num_frames_mean,num_frames_std,num_frames_min,num_frames_max,entropy,value,policy_loss,value_loss,grad_norm,return_mean,return_std,return_min,return_max
2,4096,668.2844557719134,6,0.03333333507180214,0.12909945160664127,0.0,0.5333333611488342,10.5,40.66632513517788,0.0,168.0,1.917922779917717,0.06630026316270232,0.005891370557947084,0.0008929195610107854,0.020735811941967622,0.03333333507180214,0.12909945160664127,0.0,0.5333333611488342
update,frames,FPS,duration,rreturn_mean,rreturn_std,rreturn_min,rreturn_max,num_frames_mean,num_frames_std,num_frames_min,num_frames_max,entropy,value,policy_loss,value_loss,grad_norm,return_mean,return_std,return_min,return_max
3,6144,672.0096081676936,9,0.047048612497746944,0.13628627609598665,0.0,0.5333333611488342,311.5625,38.4950788250914,168.0,324.0,1.929184541106224,0.05256022000685334,0.01608222851064056,0.0007968243589857593,0.026232065308301106,0.047048612497746944,0.13628627609598665,0.0,0.5333333611488342
update,frames,FPS,duration,rreturn_mean,rreturn_std,rreturn_min,rreturn_max,num_frames_mean,num_frames_std,num_frames_min,num_frames_max,entropy,value,policy_loss,value_loss,grad_norm,return_mean,return_std,return_min,return_max
4,8192,667.3784330239077,12,0.05937499925494194,0.1651840129556361,0.0,0.6194444298744202,307.125,48.28415242085129,137.0,324.0,1.9289993792772293,0.05071763228625059,-0.00047053976231836714,0.0017074025090551004,0.03757760760411254,0.05937499925494194,0.1651840129556361,0.0,0.6194444298744202
update,frames,FPS,duration,rreturn_mean,rreturn_std,rreturn_min,rreturn_max,num_frames_mean,num_frames_std,num_frames_min,num_frames_max,entropy,value,policy_loss,value_loss,grad_norm,return_mean,return_std,return_min,return_max
5,10240,667.5032090907946,15,0.08402777649462223,0.18296073966862592,0.0,0.6194444298744202,300.5,52.59396353194918,137.0,324.0,1.9343350529670715,0.058364210184663534,0.006378381862305105,0.0004611022504832363,0.011059666311502701,0.08402777649462223,0.18296073966862592,0.0,0.6194444298744202
update,frames,FPS,duration,rreturn_mean,rreturn_std,rreturn_min,rreturn_max,num_frames_mean,num_frames_std,num_frames_min,num_frames_max,entropy,value,policy_loss,value_loss,grad_norm,return_mean,return_std,return_min,return_max
6,12288,675.5867281038433,18,0.06336805410683155,0.17230961416933555,0.0,0.6194444298744202,305.6875,50.52192438684418,137.0,324.0,1.9355155229568481,0.04222932504490018,0.009178343461826444,0.0001894670112960739,0.013850567410537591,0.06336805410683155,0.17230961416933555,0.0,0.6194444298744202
update,frames,FPS,duration,rreturn_mean,rreturn_std,rreturn_min,rreturn_max,num_frames_mean,num_frames_std,num_frames_min,num_frames_max,entropy,value,policy_loss,value_loss,grad_norm,return_mean,return_std,return_min,return_max
7,14336,665.9059666946804,21,0.03611111268401146,0.1398577380381958,0.0,0.5777778029441833,313.25,41.63457097172973,152.0,324.0,1.932570829987526,0.03844018466770649,0.002018375394982286,0.000569253144931281,0.015689842711324783,0.03611111268401146,0.1398577380381958,0.0,0.5777778029441833
update,frames,FPS,duration,rreturn_mean,rreturn_std,rreturn_min,rreturn_max,num_frames_mean,num_frames_std,num_frames_min,num_frames_max,entropy,value,policy_loss,value_loss,grad_norm,return_mean,return_std,return_min,return_max
8,16384,677.1825955967976,24,0.07604166865348816,0.17864069191496815,0.0,0.5777778029441833,303.375,52.26719214765607,152.0,324.0,1.9333334267139435,0.03993814252316952,0.0035581751726567745,0.0010711445065680891,0.018390108762638666,0.07604166865348816,0.17864069191496815,0.0,0.5777778029441833
update,frames,FPS,duration,rreturn_mean,rreturn_std,rreturn_min,rreturn_max,num_frames_mean,num_frames_std,num_frames_min,num_frames_max,entropy,value,policy_loss,value_loss,grad_norm,return_mean,return_std,return_min,return_max
9,18432,668.0467309634785,27,0.14826389029622078,0.2559965164120453,0.0,0.8388888835906982,281.875,78.29182189092293,58.0,324.0,1.9281368106603622,0.041308865416795015,-0.001540674282296095,0.001659131194173824,0.03736375427665537,0.14826389029622078,0.2559965164120453,0.0,0.8388888835906982
update,frames,FPS,duration,rreturn_mean,rreturn_std,rreturn_min,rreturn_max,num_frames_mean,num_frames_std,num_frames_min,num_frames_max,entropy,value,policy_loss,value_loss,grad_norm,return_mean,return_std,return_min,return_max
10,20480,666.9402197285835,30,0.20624999981373549,0.27372300939013383,0.0,0.8388888835906982,265.5,83.7973746605465,58.0,324.0,1.925902009010315,0.0387118561193347,-0.005040155039750971,0.0016289440463879146,0.039405800708825066,0.20624999981373549,0.27372300939013383,0.0,0.8388888835906982
11,22528,679.4206192202834,33,0.15625000093132257,0.25219426887574037,0.0,0.7611111402511597,281.25,77.55844570386903,86.0,324.0,1.9114144295454025,0.029874273343011737,-0.013681182288564742,0.003582548990380019,0.02936396365339984,0.15625000093132257,0.25219426887574037,0.0,0.7611111402511597
12,24576,676.3909106228041,36,0.33281250298023224,0.32757352952537394,0.0,0.8083333373069763,226.6875,104.76385275346645,69.0,324.0,1.8930016905069351,0.05238634813576937,-0.011788665491621941,0.004175581387244165,0.045023061805944696,0.33281250298023224,0.32757352952537394,0.0,0.8083333373069763
13,26624,675.6047410038886,39,0.2039930559694767,0.2973373480484492,0.0,0.8111110925674438,264.0625,91.96158759911663,68.0,324.0,1.9168589860200882,0.04396074824035168,-0.008214483212213963,0.002187494668760337,0.03515380387618565,0.2039930559694767,0.2973373480484492,0.0,0.8111110925674438
14,28672,673.9835573436874,42,0.2026041653007269,0.27984382123541884,0.0,0.8111110925674438,264.5625,84.68099606021413,68.0,324.0,1.910074308514595,0.04054553899914026,-0.004919703642372042,0.0019190801394870505,0.01585397037723179,0.2026041653007269,0.27984382123541884,0.0,0.8111110925674438
15,30720,672.6185845381898,45,0.48194444365799427,0.2666449623656488,0.0,0.8888888955116272,179.75,84.08143374134387,40.0,324.0,1.8872316181659698,0.08370408602058887,-0.02282261080108583,0.004886723821982741,0.033168687012097825,0.48194444365799427,0.2666449623656488,0.0,0.8888888955116272
16,32768,675.6473062743572,48,0.3131944425404072,0.3729645103346771,0.0,0.9138888716697693,227.0,117.38930956437217,31.0,324.0,1.8522974252700806,0.10702431667596102,-0.0189983457676135,0.006170333654154092,0.06712658178344147,0.3131944425404072,0.3729645103346771,0.0,0.9138888716697693
17,34816,673.3211203396261,51,0.641493053175509,0.2569359403033829,0.0,0.9166666865348816,126.8125,87.134392427732,30.0,324.0,1.833680659532547,0.11921626422554255,-0.018095145060215145,0.007541207829490304,0.05903998284558366,0.641493053175509,0.2569359403033829,0.0,0.9166666865348816
18,36864,681.1662282666472,54,0.4501322749115172,0.38421461294081705,0.0,0.9305555820465088,184.23809523809524,122.44411932909087,25.0,324.0,1.7828623205423355,0.17065439373254776,-0.04131726338528097,0.008406324486713856,0.0869949610611278,0.4501322749115172,0.38421461294081705,0.0,0.9305555820465088
19,38912,677.0380056877931,57,0.806423619389534,0.0916651854058998,0.6000000238418579,0.9333333373069763,69.6875,32.99946732524633,24.0,144.0,1.7599432319402695,0.1864100769162178,-0.034830544609576464,0.007186243019532412,0.05693108696666065,0.806423619389534,0.0916651854058998,0.6000000238418579,0.9333333373069763
20,40960,679.7371266382858,60,0.8405555665493012,0.06858580241720903,0.6472222208976746,0.9138888716697693,57.4,24.690889007891148,31.0,127.0,1.7296644747257233,0.24526436440646648,-0.05126352421939373,0.005234151612967253,0.04115722981288643,0.8405555665493012,0.06858580241720903,0.6472222208976746,0.9138888716697693
21,43008,689.8004471611243,63,0.6482078836810204,0.3845453460450246,0.0,0.9472222328186035,117.35483870967742,122.78792322329633,19.0,324.0,1.6753302067518234,0.29104728624224663,-0.03766762325540185,0.003927060111891478,0.034386500519599794,0.6482078836810204,0.3845453460450246,0.0,0.9472222328186035
22,45056,682.4307456220423,66,0.8935897464935596,0.03750411419816863,0.8083333373069763,0.9416666626930237,38.30769230769231,13.501479208901609,21.0,69.0,1.6810287088155746,0.31718987599015236,-0.03145677340216935,0.0029053900216240436,0.03165985731829676,0.8935897464935596,0.03750411419816863,0.8083333373069763,0.9416666626930237
23,47104,684.9172804191502,69,0.7066816848677557,0.3721165770278481,0.0,0.9388889074325562,97.8108108108108,119.18458040976061,22.0,324.0,1.6552573591470718,0.35613977909088135,-0.022614750894717872,0.00199867004994303,0.04578524592635205,0.7066816848677557,0.3721165770278481,0.0,0.9388889074325562
24,49152,684.3241098381222,72,0.9151587315968105,0.02307245781850977,0.8638888597488403,0.949999988079071,30.542857142857144,8.306083337419825,18.0,49.0,1.5979977697134018,0.3675900511443615,-0.023206606972962618,0.0010308088603778742,0.018819497083868472,0.9151587315968105,0.02307245781850977,0.8638888597488403,0.949999988079071
25,51200,681.9991342752985,75,0.8897916663438081,0.14878026124856783,0.21111111342906952,0.9472222328186035,39.675,53.560894083276835,19.0,284.0,1.5771380960941315,0.3845793232321739,-0.02725000726059079,0.001160263898782432,0.03663698749743164,0.8897916663438081,0.14878026124856783,0.21111111342906952,0.9472222328186035
26,53248,684.6952462817337,78,0.7852303516574022,0.3255559707444467,0.0,0.9444444179534912,72.04878048780488,104.49529134438036,20.0,324.0,1.653295487165451,0.3834311254322529,-0.00782781228190288,0.0010238105387543328,0.018521166486317957,0.7852303516574022,0.3255559707444467,0.0,0.9444444179534912
27,55296,680.1355587791641,81,0.9118923600763083,0.03363745745665327,0.7472222447395325,0.9444444179534912,31.71875,12.109485886589075,20.0,91.0,1.6534808576107025,0.3852544389665127,0.0039391351892845705,0.0009754940110724419,0.022405154970013563,0.9118923600763083,0.03363745745665327,0.7472222447395325,0.9444444179534912
28,57344,678.8959970042993,85,0.7365176125270564,0.36395976605060004,0.0,0.949999988079071,87.82926829268293,116.81711836613265,18.0,324.0,1.6579407453536987,0.38501909747719765,-0.001533577409645659,0.0013683064753422514,0.02585538931486242,0.7365176125270564,0.36395976605060004,0.0,0.949999988079071
29,59392,677.0961224482878,88,0.9228070190078334,0.023013662574482948,0.8444444537162781,0.9527778029441833,27.789473684210527,8.284919383836868,17.0,56.0,1.633408084511757,0.39491233229637146,-0.007114765059668571,0.0007864434155635536,0.02040071624076524,0.9228070190078334,0.023013662574482948,0.8444444537162781,0.9527778029441833
30,61440,654.2617435545587,91,0.8963213192450034,0.1523862765813627,0.0,0.9472222328186035,36.351351351351354,49.149642552501994,19.0,324.0,1.6900339275598526,0.39396780729293823,0.0027263014344498515,0.0012807495659217238,0.03714758028810776,0.8963213192450034,0.1523862765813627,0.0,0.9472222328186035
31,63488,681.1901578612718,94,0.7425438620542225,0.3537590001688247,0.0,0.9416666626930237,86.05263157894737,113.43789104463173,21.0,324.0,1.7443212866783142,0.3835061229765415,0.005269080342259258,0.0009504351546638645,0.02610392401697397,0.7425438620542225,0.3537590001688247,0.0,0.9416666626930237
32,65536,675.2967941789759,97,0.8769230796740606,0.06772998628794398,0.5944444537162781,0.9444444179534912,44.30769230769231,24.382795370079528,20.0,146.0,1.724388986825943,0.37448346242308617,0.007112131890607998,0.001696829465799965,0.03517679382514388,0.8769230796740606,0.06772998628794398,0.5944444537162781,0.9444444179534912
33,67584,683.2264243132469,100,0.7027777722387603,0.36586868336208395,0.0,0.9444444179534912,99.36363636363636,117.05057652811769,20.0,324.0,1.6946422159671783,0.3588757663965225,0.0018997268634848297,0.0011930527398362756,0.018479958132689864,0.7027777722387603,0.36586868336208395,0.0,0.9444444179534912
34,69632,675.9430730415954,103,0.9126736167818308,0.022672706617783162,0.8416666388511658,0.9472222328186035,31.4375,8.162174572379593,19.0,57.0,1.656125158071518,0.36588746681809425,-0.01406075176782906,0.0012124535423936322,0.022443033801100284,0.9126736167818308,0.022672706617783162,0.8416666388511658,0.9472222328186035
35,71680,679.8583882975456,106,0.8787037034829458,0.19775216362713252,0.0,0.9527778029441833,41.95238095238095,63.57932891875815,17.0,324.0,1.614174023270607,0.3915788494050503,-0.019620266626589,0.0009493518373346888,0.03036392926124074,0.8787037034829458,0.19775216362713252,0.0,0.9527778029441833
36,73728,686.5662571455587,109,0.8116430280373451,0.30499607045350924,0.0,0.9527778029441833,63.97872340425532,99.70392112515938,17.0,324.0,1.5838671028614044,0.39976709336042404,-0.014279928058385849,0.0008270214311778545,0.032799755861709676,0.8116430280373451,0.30499607045350924,0.0,0.9527778029441833
37,75776,657.0571838391157,112,0.9158641960885789,0.13868951353507988,0.0,0.9555555582046509,29.488888888888887,44.64806688472872,16.0,324.0,1.601340040564537,0.40907882526516914,-0.010234814486466348,0.0005329501618689392,0.017935462364484074,0.9158641960885789,0.13868951353507988,0.0,0.9555555582046509
38,77824,675.8430373671662,115,0.7843827181392246,0.33691964309224715,0.0,0.9527778029441833,72.02222222222223,108.25494371854882,17.0,324.0,1.6986903250217438,0.4092959873378277,0.0007585745224787388,0.000441304589912761,0.018102273712683692,0.7843827181392246,0.33691964309224715,0.0,0.9527778029441833
39,79872,679.0419184700809,118,0.9134408639323327,0.02820545795604314,0.8361111283302307,0.9555555582046509,31.161290322580644,10.15396561398089,16.0,59.0,1.7431945651769638,0.3904546722769737,0.015719844726845622,0.0009784120411495678,0.026120120455708086,0.9134408639323327,0.02820545795604314,0.8361111283302307,0.9555555582046509
40,81920,664.2880430567103,121,0.842973859871135,0.2043721854551869,0.0,0.9444444179534912,55.470588235294116,69.33602547785489,20.0,324.0,1.7658488005399704,0.3895745985209942,0.00609668085235171,0.0014064498827792704,0.034792319791922655,0.842973859871135,0.2043721854551869,0.0,0.9444444179534912
41,83968,681.328744891681,124,0.6858796228965124,0.3544161359908325,0.0,0.9361110925674438,105.58333333333333,113.08916713028806,23.0,324.0,1.76101416349411,0.36347706615924835,0.029244968900457025,0.0011846045963466167,0.035862878867367644,0.6858796228965124,0.3544161359908325,0.0,0.9361110925674438
42,86016,680.3466699192606,127,0.7753787907687101,0.2690175412892371,0.0,0.9416666626930237,77.5909090909091,87.51709396190661,21.0,324.0,1.7755987346172333,0.3400946967303753,0.013234349084086716,0.002261157860630192,0.024046994994049165,0.7753787907687101,0.2690175412892371,0.0,0.9416666626930237
43,88064,679.10558757153,130,0.7895202013579282,0.25386591678084497,0.0,0.9416666626930237,72.5,81.23520844380896,21.0,324.0,1.7508721202611923,0.3293042220175266,0.008452069945633411,0.0018117559375241399,0.03166427165478832,0.7895202013579282,0.25386591678084497,0.0,0.9416666626930237
44,90112,679.1583678917411,133,0.7288461510951703,0.3158362521842054,0.0,0.9388889074325562,92.07692307692308,100.94664358992331,22.0,324.0,1.7314979583024979,0.32973964512348175,-0.002521781381801702,0.0022781081206630915,0.024231546100842334,0.7288461510951703,0.3158362521842054,0.0,0.9388889074325562
45,92160,681.0299750609522,136,0.7762345649577953,0.24980483002925552,0.0,0.9222221970558167,77.88888888888889,81.7672094620446,28.0,324.0,1.72828771173954,0.34868593513965607,-0.011966706020757556,0.002443096920615062,0.05496915847932991,0.7762345649577953,0.24980483002925552,0.0,0.9222221970558167
46,94208,684.6318343953045,139,0.8026234590344958,0.2882932078262315,0.0,0.949999988079071,67.05555555555556,92.67084656173772,18.0,324.0,1.6442144811153412,0.37192509695887566,-0.02318078000098467,0.003252822396461852,0.06556882079458175,0.8026234590344958,0.2882932078262315,0.0,0.949999988079071
47,96256,664.5143606205327,142,0.8717236503576621,0.204659315594973,0.0,0.9527778029441833,44.333333333333336,65.8231248170714,17.0,324.0,1.5559829324483871,0.38113516941666603,-0.024756162194535136,0.0014560946729034185,0.030603728042528557,0.8717236503576621,0.204659315594973,0.0,0.9527778029441833
48,98304,681.0733347134621,145,0.8755102048114854,0.2247613400042983,0.0,0.9611111283302307,42.61224489795919,72.33392416256947,14.0,324.0,1.534381851553917,0.40502680093050003,-0.03094354271888733,0.0027670706040225923,0.033798243034069336,0.8755102048114854,0.2247613400042983,0.0,0.9611111283302307
49,100352,677.3646884339217,148,0.8700483091499495,0.22239494611208246,0.0,0.9555555582046509,45.21739130434783,74.04960530190975,16.0,324.0,1.5859784930944443,0.41548023372888565,-0.010950596421025693,0.0025262717535952106,0.027594812803139548,0.8700483091499495,0.22239494611208246,0.0,0.9555555582046509
50,102400,680.4214171044355,151,0.8514467524364591,0.2344467392061244,0.0,0.9611111283302307,51.979166666666664,79.09290148914896,14.0,324.0,1.5716484785079956,0.4359552599489689,-0.016033379710279405,0.0031008737278170884,0.0330890774107965,0.8514467524364591,0.2344467392061244,0.0,0.9611111283302307
51,104448,682.2241910598088,154,0.8772970099861805,0.17154170257298226,0.0,0.9611111283302307,43.48076923076923,58.316606153431444,14.0,324.0,1.5919776558876038,0.45906756818294525,-0.02143306832294911,0.005314537673257291,0.12445618106076137,0.8772970099861805,0.17154170257298226,0.0,0.9611111283302307
52,106496,685.2578996119049,157,0.8398860448446029,0.18641170109395308,0.0,0.9527778029441833,56.717948717948715,63.068927990283164,17.0,324.0,1.63356252014637,0.4636531248688698,-0.025257534231059253,0.004106799606233835,0.0696026453634285,0.8398860448446029,0.18641170109395308,0.0,0.9527778029441833
53,108544,676.6713904308641,160,0.8488738746256441,0.12036615902220472,0.4416666626930237,0.949999988079071,54.4054054054054,43.331818070190394,18.0,201.0,1.6258130222558975,0.48655807226896286,-0.010523064294829965,0.006246040982659906,0.09040691565715075,0.8488738746256441,0.12036615902220472,0.4416666626930237,0.949999988079071
54,110592,685.5951367868489,163,0.881419751379225,0.07873925965119287,0.6138888597488403,0.949999988079071,42.68888888888889,28.346132185477142,18.0,139.0,1.5698105245828629,0.5344874635338783,-0.03299641376361251,0.0046946153161115944,0.06382679168710045,0.881419751379225,0.07873925965119287,0.6138888597488403,0.949999988079071
55,112640,683.5923450762235,166,0.854491723978773,0.16582881634093116,0.10277777910232544,0.9527778029441833,52.38297872340426,59.698374186311874,17.0,323.0,1.5534902215003967,0.5559881776571274,-0.0364003824070096,0.0075709837838076055,0.06569777089005219,0.854491723978773,0.16582881634093116,0.10277777910232544,0.9527778029441833
56,114688,689.5528173383958,169,0.8916161645542492,0.058501420418101364,0.6388888955116272,0.949999988079071,39.018181818181816,21.060511009159825,18.0,130.0,1.5222971737384796,0.641100212931633,-0.060525982175022364,0.005555045849177986,0.0884636535361315,0.8916161645542492,0.058501420418101364,0.6388888955116272,0.949999988079071
57,116736,690.6038642756101,172,0.9008585832335733,0.04788709748062096,0.6916666626930237,0.9444444179534912,35.69090909090909,17.239355321496987,20.0,111.0,1.5035294592380524,0.6986532285809517,-0.04119982663542032,0.003849171131150797,0.07321949118375662,0.9008585832335733,0.04788709748062096,0.6916666626930237,0.9444444179534912
58,118784,689.4021779817232,175,0.9089460846255807,0.035058324542450024,0.7833333611488342,0.9527778029441833,32.779411764705884,12.620997429861376,17.0,78.0,1.4023779034614563,0.7528917714953423,-0.03417497407644987,0.002562510169809684,0.049230448720717926,0.9089460846255807,0.035058324542450024,0.7833333611488342,0.9527778029441833
59,120832,689.8505263222143,178,0.9214285697255816,0.023069858587862355,0.8500000238418579,0.9583333134651184,28.285714285714285,8.305149619608406,15.0,54.0,1.359933152794838,0.7808396369218826,-0.017947895801626146,0.0014413324242923409,0.02803725412033299,0.9214285697255816,0.023069858587862355,0.8500000238418579,0.9583333134651184
60,122880,687.6459731417367,181,0.9131840805509197,0.02526505428097408,0.8305555582046509,0.949999988079071,31.253731343283583,9.095420011277923,18.0,61.0,1.4868234395980835,0.7768142074346542,0.0006080104649299756,0.001564266363857314,0.03641807411709338,0.9131840805509197,0.02526505428097408,0.8305555582046509,0.949999988079071
61,124928,688.4831672198085,184,0.9033427511231374,0.04072148234118037,0.7277777791023254,0.9527778029441833,34.79661016949152,14.659733460033255,17.0,98.0,1.4533375203609467,0.7584991753101349,0.008676099474541843,0.0018965594354085624,0.02350092684312026,0.9033427511231374,0.04072148234118037,0.7277777791023254,0.9527778029441833
62,126976,688.400073280305,187,0.915951180638689,0.017382971256820697,0.8666666746139526,0.9444444179534912,30.257575757575758,6.257869242512343,20.0,48.0,1.4509496688842773,0.7756638005375862,-0.005328124061634298,0.0015892879746388644,0.03149399278366066,0.915951180638689,0.017382971256820697,0.8666666746139526,0.9444444179534912
63,129024,687.9796696054594,190,0.9114583320915699,0.035028163651666826,0.7666666507720947,0.949999988079071,31.875,12.610139769249189,18.0,84.0,1.3814345300197601,0.7706225514411926,-0.0045010558678768575,0.0015878168342169374,0.02782932479933555,0.9114583320915699,0.035028163651666826,0.7666666507720947,0.949999988079071
64,131072,686.7719356146807,193,0.9143589753371019,0.03540757696373689,0.7222222089767456,0.9583333134651184,30.83076923076923,12.746727158546928,15.0,100.0,1.3911218345165253,0.7676449865102768,-0.0020599097333615646,0.0022380321752279997,0.02929252195310729,0.9143589753371019,0.03540757696373689,0.7222222089767456,0.9583333134651184
65,133120,686.4057850943811,196,0.9153755869663937,0.03242043744465344,0.7722222208976746,0.9555555582046509,30.464788732394368,11.671357725326951,16.0,82.0,1.4522240906953812,0.7819457054138184,-0.0047688381164334714,0.0018227732216473669,0.033851904250887854,0.9153755869663937,0.03242043744465344,0.7722222208976746,0.9555555582046509
66,135168,688.0506473212158,199,0.9091845904627154,0.032770750057886266,0.7527777552604675,0.9444444179534912,32.693548387096776,11.797469260707405,20.0,89.0,1.4714338779449463,0.7767254561185837,0.011987170204520226,0.0017885043343994766,0.02849680483803645,0.9091845904627154,0.032770750057886266,0.7527777552604675,0.9444444179534912
67,137216,687.9720106187166,202,0.9101548312140293,0.024895476811819205,0.8305555582046509,0.9527778029441833,32.34426229508197,8.962371696320375,17.0,61.0,1.4711302518844604,0.7697843164205551,0.003946488941437565,0.001504130705143325,0.024255160732427245,0.9101548312140293,0.024895476811819205,0.8305555582046509,0.9527778029441833
68,139264,687.8318647464027,205,0.9072404357253528,0.0301755607742691,0.824999988079071,0.9527778029441833,33.39344262295082,10.86320106270132,17.0,63.0,1.4389086961746216,0.7641372978687286,0.006892379024066031,0.0013225898728705943,0.03465358784341156,0.9072404357253528,0.0301755607742691,0.824999988079071,0.9527778029441833
69,141312,689.4228164412622,208,0.9142109509827434,0.02265843973136421,0.855555534362793,0.9527778029441833,30.884057971014492,8.157038806061664,17.0,52.0,1.4010389149188995,0.7781563103199005,-0.006151416047941893,0.001259650438441895,0.017193001929179105,0.9142109509827434,0.02265843973136421,0.855555534362793,0.9527778029441833
70,143360,685.0898425206522,211,0.9127946134769556,0.03246223553823803,0.7111111283302307,0.9555555582046509,31.393939393939394,11.686405969380639,16.0,104.0,1.4025775790214539,0.7722344249486923,8.684695785632357e-06,0.0016908630059333518,0.026971185696983827,0.9127946134769556,0.03246223553823803,0.7111111283302307,0.9555555582046509
71,145408,687.7228284566021,214,0.9197145046459304,0.025370880940026274,0.8333333134651184,0.9611111283302307,28.90277777777778,9.133515390859191,14.0,60.0,1.3806198984384537,0.786853201687336,-0.007841242520953529,0.0017027850553859025,0.03146483297939386,0.9197145046459304,0.025370880940026274,0.8333333134651184,0.9611111283302307
72,147456,689.0364239138369,217,0.9157264902041509,0.03275595564271513,0.7583333253860474,0.9527778029441833,30.338461538461537,11.792144612249842,17.0,87.0,1.4839098751544952,0.7814605012536049,0.00695916370023042,0.0015667332336306572,0.022254944032660567,0.9157264902041509,0.03275595564271513,0.7583333253860474,0.9527778029441833
73,149504,688.0530722844906,220,0.9111992953315614,0.027413699165436727,0.7805555462837219,0.9527778029441833,31.96825396825397,9.86893193746384,17.0,79.0,1.5143854171037674,0.7806755900382996,0.015245494316332042,0.001293800029088743,0.023240546894767553,0.9111992953315614,0.027413699165436727,0.7805555462837219,0.9527778029441833
74,151552,688.0112991698547,223,0.9034722238779068,0.03845867996614662,0.75,0.949999988079071,34.75,13.845125496000389,18.0,90.0,1.5115059614181519,0.7595575079321861,0.015326444641686976,0.0016019013855839148,0.026869180937908996,0.9034722238779068,0.03845867996614662,0.75,0.949999988079071
75,153600,689.3651646443664,226,0.8971688071122537,0.03625665223452869,0.7583333253860474,0.9416666626930237,37.01923076923077,13.052394983025124,21.0,87.0,1.4593264609575272,0.7420398816466331,0.01204057689756155,0.0016336051776306704,0.031623637556719396,0.8971688071122537,0.03625665223452869,0.7583333253860474,0.9416666626930237
76,155648,689.6862451267956,229,0.9038706744303469,0.030305228900811783,0.8111110925674438,0.9416666626930237,34.60655737704918,10.909882252861305,21.0,68.0,1.515802189707756,0.7461622208356857,-0.0017140851559815928,0.001779766782419756,0.026928122091269636,0.9038706744303469,0.030305228900811783,0.8111110925674438,0.9416666626930237
77,157696,685.697314137494,232,0.9054629633824031,0.03926067688781448,0.7111111283302307,0.949999988079071,34.03333333333333,14.133844330384976,18.0,104.0,1.5058818310499191,0.7481078654527664,-0.00022056684974813834,0.0016785002662800252,0.029220197072745452,0.9054629633824031,0.03926067688781448,0.7111111283302307,0.949999988079071
78,159744,689.6543506361086,235,0.904417121996645,0.033891716070423,0.7888888716697693,0.9472222328186035,34.40983606557377,12.201017223354818,19.0,76.0,1.4360082000494003,0.7645819336175919,-0.0083861771854572,0.0014735541481059045,0.02654545959003253,0.904417121996645,0.033891716070423,0.7888888716697693,0.9472222328186035
79,161792,689.1787752180978,238,0.9206790112786822,0.023546977630858123,0.8194444179534912,0.9527778029441833,28.555555555555557,8.476911270702201,17.0,65.0,1.3769627213478088,0.7738135606050491,-0.019047540612518787,0.0015130930551094934,0.024276910750786272,0.9206790112786822,0.023546977630858123,0.8194444179534912,0.9527778029441833
80,163840,692.0666396766678,241,0.9213470318546034,0.019581899375713925,0.8500000238418579,0.949999988079071,28.315068493150687,7.0494859665488345,18.0,54.0,1.4072032421827316,0.7910905033349991,-0.011834720149636269,0.001106803050788585,0.02209856637665883,0.9213470318546034,0.019581899375713925,0.8500000238418579,0.949999988079071
81,165888,690.7001535231484,244,0.9227852869678188,0.024723103396886777,0.7916666865348816,0.9555555582046509,27.7972972972973,8.900318442116202,16.0,75.0,1.4465137869119644,0.7963913008570671,-0.004064522443513852,0.00122147893125657,0.019486216838241012,0.9227852869678188,0.024723103396886777,0.7916666865348816,0.9555555582046509
82,167936,689.7134906737822,247,0.9116753451526165,0.02921696442126298,0.7638888955116272,0.9583333134651184,31.796875,10.518108919115404,15.0,85.0,1.5032687783241272,0.7824090719223022,0.013502261135727167,0.0013304257299751043,0.028533542728886477,0.9116753451526165,0.02921696442126298,0.7638888955116272,0.9583333134651184
83,169984,687.3718893484473,250,0.9079166660706203,0.027984529275927473,0.8083333373069763,0.9527778029441833,33.15,10.074431332172882,17.0,69.0,1.4497459530830383,0.7716908529400826,0.0144052131799981,0.0014656457642558962,0.027062741357641334,0.9079166660706203,0.027984529275927473,0.8083333373069763,0.9527778029441833
84,172032,689.0615729734998,253,0.9128367033871737,0.02558593910711067,0.7861111164093018,0.9555555582046509,31.37878787878788,9.210937423939644,16.0,77.0,1.47005195915699,0.7631701752543449,-0.004776310612214729,0.0012654687889153138,0.03132416394094249,0.9128367033871737,0.02558593910711067,0.7861111164093018,0.9555555582046509
85,174080,685.2574622832299,256,0.9023879170417786,0.034125728829151034,0.7722222208976746,0.9527778029441833,35.14035087719298,12.28526231109144,17.0,82.0,1.4901407659053802,0.7515803948044777,0.0031031577600515448,0.002108247237629257,0.04205581035269301,0.9023879170417786,0.034125728829151034,0.7722222208976746,0.9527778029441833
86,176128,688.5928863564582,259,0.9113215488014799,0.025978375510967638,0.800000011920929,0.949999988079071,31.924242424242426,9.352216729707044,18.0,72.0,1.414112538099289,0.7646136283874512,-0.005713485123123974,0.0017065546999219805,0.024070487365796693,0.9113215488014799,0.025978375510967638,0.800000011920929,0.949999988079071
87,178176,689.3379466095269,262,0.9127946152831569,0.028413923732604762,0.7916666865348816,0.9555555582046509,31.393939393939394,10.229012197753088,16.0,75.0,1.4108320027589798,0.7725055441260338,-0.012421317514963448,0.0015393227658933029,0.022920547475340034,0.9127946152831569,0.028413923732604762,0.7916666865348816,0.9555555582046509
88,180224,686.0628185943448,265,0.915073531515458,0.02872295803534533,0.7638888955116272,0.9527778029441833,30.573529411764707,10.340264213928037,17.0,85.0,1.4074117690324783,0.7797363474965096,0.00021754684712504968,0.0013437968882499263,0.023744241362563492,0.915073531515458,0.02872295803534533,0.7638888955116272,0.9527778029441833
89,182272,686.8993456894059,268,0.9091074681672894,0.03235170630976828,0.7611111402511597,0.949999988079071,32.721311475409834,11.646615138385556,18.0,86.0,1.4166852682828903,0.7672918736934662,0.007887144704000093,0.0021171133121242747,0.02949990392633268,0.9091074681672894,0.03235170630976828,0.7611111402511597,0.949999988079071
90,184320,687.2271495032846,271,0.917817463193621,0.02317164846442681,0.8472222089767456,0.949999988079071,29.585714285714285,8.341792984969217,18.0,55.0,1.3989235311746597,0.7780051380395889,-0.011054932838305831,0.0014148234477033839,0.020125911061843818,0.917817463193621,0.02317164846442681,0.8472222089767456,0.949999988079071
91,186368,691.44143470602,274,0.9190140861860463,0.030899151209871765,0.7388888597488403,0.9555555582046509,29.154929577464788,11.123693640437436,16.0,94.0,1.4073335826396942,0.783514142036438,-0.008769057865720242,0.0015129522798815742,0.02889813103562022,0.9190140861860463,0.030899151209871765,0.7388888597488403,0.9555555582046509
92,188416,690.1553682525149,277,0.9204248391530093,0.02412580453177455,0.8361111283302307,0.9555555582046509,28.647058823529413,8.685289635663471,16.0,59.0,1.415716528892517,0.7858436182141304,-0.0057527558819856495,0.0016474313742946833,0.02905424945373981,0.9204248391530093,0.02412580453177455,0.8361111283302307,0.9555555582046509
93,190464,686.7694647658598,280,0.9164215703220928,0.023219723921596675,0.8361111283302307,0.9555555582046509,30.08823529411765,8.359100877130771,16.0,59.0,1.4282149970531464,0.786666102707386,0.0038846815732540563,0.0012405954621499404,0.023365150951183224,0.9164215703220928,0.023219723921596675,0.8361111283302307,0.9555555582046509
94,192512,684.0925989696005,283,0.9119402988633113,0.037889960996180846,0.6611111164093018,0.9555555582046509,31.70149253731343,13.64038661571085,16.0,122.0,1.4893569499254227,0.7806519791483879,0.013163414201699197,0.0016972671583062038,0.023611118483850918,0.9119402988633113,0.037889960996180846,0.6611111164093018,0.9555555582046509
95,194560,690.2351149945279,286,0.9101851866358802,0.029666804369441805,0.8055555820465088,0.9472222328186035,32.333333333333336,10.680051126445605,19.0,70.0,1.475545272231102,0.7755488231778145,0.0075932934414595366,0.0014910385943949223,0.02681131836498437,0.9101851866358802,0.029666804369441805,0.8055555820465088,0.9472222328186035
96,196608,688.4201552363206,289,0.9036549716665033,0.024116159439051918,0.824999988079071,0.9416666626930237,34.68421052631579,8.681817852203338,21.0,63.0,1.545636534690857,0.7524939626455307,0.009970886108931154,0.0014286536170402542,0.02263259702104793,0.9036549716665033,0.024116159439051918,0.824999988079071,0.9416666626930237
97,198656,687.4544051397331,292,0.8996168570271854,0.03322319054040026,0.8083333373069763,0.949999988079071,36.13793103448276,11.960348679991228,18.0,69.0,1.4884524196386337,0.7487219125032425,0.0038829839759273455,0.0018659824563656002,0.025120869524722853,0.8996168570271854,0.03322319054040026,0.8083333373069763,0.949999988079071
98,200704,686.3831330328513,295,0.9136784510178999,0.024926522092793807,0.824999988079071,0.9527778029441833,31.075757575757574,8.973548006224648,17.0,63.0,1.4268029779195786,0.7664623335003853,-0.009826022433117032,0.0020558268297463655,0.025092542773223096,0.9136784510178999,0.024926522092793807,0.824999988079071,0.9527778029441833
99,202752,688.448404366415,298,0.9091750852989428,0.02840606811689892,0.7972221970558167,0.949999988079071,32.696969696969695,10.226184004901928,18.0,73.0,1.4211808890104294,0.7712281420826912,-0.00520019861869514,0.001432456454494968,0.021526597928079448,0.9091750852989428,0.02840606811689892,0.7972221970558167,0.949999988079071
100,204800,687.8257511911127,301,0.9178632451937749,0.019324842398243038,0.8638888597488403,0.9555555582046509,29.56923076923077,6.9569428094844845,16.0,49.0,1.3935016989707947,0.7791616469621658,-0.007255774631630629,0.00129253082559444,0.02930607783157414,0.9178632451937749,0.019324842398243038,0.8638888597488403,0.9555555582046509
101,206848,688.2438712578357,304,0.9197183100270553,0.020365271635058156,0.8638888597488403,0.9527778029441833,28.901408450704224,7.331496647117091,17.0,49.0,1.4025548696517944,0.7875586450099945,-0.008305162598844618,0.0012262309392099269,0.021622549785209555,0.9197183100270553,0.020365271635058156,0.8638888597488403,0.9527778029441833
102,208896,688.9606561971119,307,0.9198470184768456,0.0247291442221804,0.8083333373069763,0.9583333134651184,28.855072463768117,8.902491692109706,15.0,69.0,1.3443813174962997,0.7809679433703423,-0.003957964858273044,0.0018619458423927426,0.02793742065405965,0.9198470184768456,0.0247291442221804,0.8083333373069763,0.9583333134651184
103,210944,687.350878491523,310,0.9199195888481642,0.028625188641741864,0.800000011920929,0.9583333134651184,28.82894736842105,10.30506793804661,15.0,72.0,1.3437873125076294,0.793959803879261,-0.009245475463103503,0.0013631814654218033,0.020972207497649296,0.9199195888481642,0.028625188641741864,0.800000011920929,0.9583333134651184
104,212992,683.8812260435736,313,0.9263157899442472,0.021214702507058363,0.8444444537162781,0.9583333134651184,26.526315789473685,7.637293686093617,15.0,56.0,1.3480793833732605,0.8012771457433701,-0.007680598180741072,0.0015147993544815108,0.04260290642839487,0.9263157899442472,0.021214702507058363,0.8444444537162781,0.9583333134651184
105,215040,688.5923895612447,315,0.9222222240003821,0.016949652126467207,0.8611111044883728,0.9555555582046509,28.0,6.101874852234252,16.0,50.0,1.4605276584625244,0.800380028784275,-0.0023929395247250795,0.0006840730566182174,0.014482135861657645,0.9222222240003821,0.016949652126467207,0.8611111044883728,0.9555555582046509
106,217088,686.665595385572,318,0.9202736340351959,0.015544114601163766,0.8722222447395325,0.9527778029441833,28.70149253731343,5.595880482046351,17.0,46.0,1.4914484024047852,0.7942648008465767,0.007234044547658414,0.0010908331314567477,0.021630754176592153,0.9202736340351959,0.015544114601163766,0.8722222447395325,0.9527778029441833
107,219136,686.1860738314678,321,0.9050627264284319,0.040655364255430516,0.7277777791023254,0.9583333134651184,34.17741935483871,14.63593037208088,15.0,98.0,1.4962215423583984,0.7682928740978241,0.016336316126398742,0.0016884846554603428,0.03173440271887596,0.9050627264284319,0.040655364255430516,0.7277777791023254,0.9583333134651184
108,221184,686.2492805512277,324,0.9080979329044536,0.02822284012191818,0.8277778029441833,0.9527778029441833,33.08474576271186,10.160221763883682,17.0,62.0,1.4889581352472305,0.7627855911850929,0.010529838153161108,0.0015707061247667298,0.02509662261586028,0.9080979329044536,0.02822284012191818,0.8277778029441833,0.9527778029441833
