update,frames,FPS,duration,rreturn_mean,rreturn_std,rreturn_min,rreturn_max,num_frames_mean,num_frames_std,num_frames_min,num_frames_max,entropy,value,policy_loss,value_loss,grad_norm,return_mean,return_std,return_min,return_max
1,2048,645.7947272827195,3,0.0,0.0,0,0,0.0,0.0,0,0,1.930733934044838,-0.07206217339262366,-0.010999646910931915,0.0012958083971170709,0.03650389369555514,0.0,0.0,0,0
update,frames,FPS,duration,rreturn_mean,rreturn_std,rreturn_min,rreturn_max,num_frames_mean,num_frames_std,num_frames_min,num_frames_max,entropy,value,policy_loss,value_loss,grad_norm,return_mean,return_std,return_min,return_max
2,4096,638.491456339488,6,0.0,0.0,0,0,0.0,0.0,0,0,1.934847667813301,-0.06557912100106478,-0.012210635701194406,0.0002872854129236657,0.01613878353802789,0.0,0.0,0,0
update,frames,FPS,duration,rreturn_mean,rreturn_std,rreturn_min,rreturn_max,num_frames_mean,num_frames_std,num_frames_min,num_frames_max,entropy,value,policy_loss,value_loss,grad_norm,return_mean,return_std,return_min,return_max
3,6144,641.2531833909234,9,0.0,0.0,0.0,0.0,324.0,0.0,324.0,324.0,1.940547227859497,-0.04981699539348483,-0.0177736688638106,0.0002916203811764717,0.014730866590790061,0.0,0.0,0.0,0.0
update,frames,FPS,duration,rreturn_mean,rreturn_std,rreturn_min,rreturn_max,num_frames_mean,num_frames_std,num_frames_min,num_frames_max,entropy,value,policy_loss,value_loss,grad_norm,return_mean,return_std,return_min,return_max
4,8192,641.2130224414324,12,0.0,0.0,0.0,0.0,324.0,0.0,324.0,324.0,1.9400445967912674,-0.04425620660185814,-0.008214475237764418,9.194796712108655e-05,0.008681254944651318,0.0,0.0,0.0,0.0
update,frames,FPS,duration,rreturn_mean,rreturn_std,rreturn_min,rreturn_max,num_frames_mean,num_frames_std,num_frames_min,num_frames_max,entropy,value,policy_loss,value_loss,grad_norm,return_mean,return_std,return_min,return_max
5,10240,635.8521010075409,16,0.01770833320915699,0.06858407960815675,0.0,0.28333333134651184,319.875,15.976056303105594,258.0,324.0,1.9416673630475998,-0.034315465949475765,-0.009815883473493159,0.00024707721968297847,0.007541670743458913,0.01770833320915699,0.06858407960815675,0.0,0.28333333134651184
update,frames,FPS,duration,rreturn_mean,rreturn_std,rreturn_min,rreturn_max,num_frames_mean,num_frames_std,num_frames_min,num_frames_max,entropy,value,policy_loss,value_loss,grad_norm,return_mean,return_std,return_min,return_max
6,12288,642.6109347928218,19,0.01770833320915699,0.06858407960815675,0.0,0.28333333134651184,319.875,15.976056303105594,258.0,324.0,1.941634863615036,-0.027716641314327717,-0.006798128306400031,8.621354209026322e-05,0.004920099458199103,0.01770833320915699,0.06858407960815675,0.0,0.28333333134651184
update,frames,FPS,duration,rreturn_mean,rreturn_std,rreturn_min,rreturn_max,num_frames_mean,num_frames_std,num_frames_min,num_frames_max,entropy,value,policy_loss,value_loss,grad_norm,return_mean,return_std,return_min,return_max
7,14336,639.978342789166,22,0.01770833320915699,0.06858407960815675,0.0,0.28333333134651184,319.875,15.976056303105594,258.0,324.0,1.9427754133939743,-0.02096818364225328,-0.004158271040068939,3.164805207234167e-05,0.003649538831600953,0.01770833320915699,0.06858407960815675,0.0,0.28333333134651184
update,frames,FPS,duration,rreturn_mean,rreturn_std,rreturn_min,rreturn_max,num_frames_mean,num_frames_std,num_frames_min,num_frames_max,entropy,value,policy_loss,value_loss,grad_norm,return_mean,return_std,return_min,return_max
8,16384,643.9309044134641,25,0.006770833395421505,0.026223324980412504,0.0,0.10833333432674408,323.8125,0.7261843774138906,321.0,324.0,1.94281305372715,-0.012776889954693615,-0.005695952742826194,7.913515173640917e-05,0.005289486802919938,0.006770833395421505,0.026223324980412504,0.0,0.10833333432674408
update,frames,FPS,duration,rreturn_mean,rreturn_std,rreturn_min,rreturn_max,num_frames_mean,num_frames_std,num_frames_min,num_frames_max,entropy,value,policy_loss,value_loss,grad_norm,return_mean,return_std,return_min,return_max
9,18432,644.4422131619509,28,0.006770833395421505,0.026223324980412504,0.0,0.10833333432674408,323.8125,0.7261843774138906,321.0,324.0,1.9438383281230927,-0.01248990185558796,-0.002765293058473617,2.4253313767985674e-05,0.00216331695696135,0.006770833395421505,0.026223324980412504,0.0,0.10833333432674408
update,frames,FPS,duration,rreturn_mean,rreturn_std,rreturn_min,rreturn_max,num_frames_mean,num_frames_std,num_frames_min,num_frames_max,entropy,value,policy_loss,value_loss,grad_norm,return_mean,return_std,return_min,return_max
10,20480,636.4009593650818,32,0.02656250074505806,0.10287612301923196,0.0,0.42500001192092896,316.6875,28.321190719141736,207.0,324.0,1.9404198676347733,-0.005487802845891565,-0.004435378941707313,0.0004147275412833551,0.007614150108676544,0.02656250074505806,0.10287612301923196,0.0,0.42500001192092896
11,22528,643.2055295430143,35,0.02656250074505806,0.10287612301923196,0.0,0.42500001192092896,316.6875,28.321190719141736,207.0,324.0,1.9427946209907532,-0.007208743365481496,-0.001015255556012562,5.290979197525303e-05,0.004762937511293705,0.02656250074505806,0.10287612301923196,0.0,0.42500001192092896
12,24576,634.2132987050728,38,0.0,0.0,0.0,0.0,324.0,0.0,324.0,324.0,1.9435040354728699,-0.00486682984046638,-0.0012543696648208424,2.0296564343880164e-05,0.003208579394642741,0.0,0.0,0.0,0.0
13,26624,641.4763381921864,41,0.0,0.0,0.0,0.0,324.0,0.0,324.0,324.0,1.94368015229702,-0.0032436275796499103,-0.0011830118237412535,1.885448443772475e-05,0.002662762996625736,0.0,0.0,0.0,0.0
14,28672,639.1052185012475,44,0.07760416716337204,0.20735527304342916,0.0,0.7027778029441833,300.5625,62.88080862830884,107.0,324.0,1.9329913258552551,0.005071451312687714,-0.011485419236123562,0.0020541834965115413,0.029564753019334932,0.07760416716337204,0.20735527304342916,0.0,0.7027778029441833
15,30720,639.5595532013364,48,0.07760416716337204,0.20735527304342916,0.0,0.7027778029441833,300.5625,62.88080862830884,107.0,324.0,1.9357355535030365,0.008018069143872708,-0.000385863269912079,0.00024926948208303656,0.010954309246223705,0.07760416716337204,0.20735527304342916,0.0,0.7027778029441833
16,32768,646.2164260739706,51,0.08559027779847383,0.20813698881002013,0.0,0.7111111283302307,299.9375,63.31910133403664,104.0,324.0,1.9372637271881104,0.016151819145306945,-0.003997245348728029,0.0013895899246563204,0.016858482832115846,0.08559027779847383,0.20813698881002013,0.0,0.7111111283302307
17,34816,638.9278093847383,54,0.051909723319113255,0.1726325762678083,0.0,0.7111111283302307,309.8125,53.16744627824436,104.0,324.0,1.9402126222848892,0.011955796275287867,0.0018891962245106697,9.184708233078709e-05,0.004118625450001695,0.051909723319113255,0.1726325762678083,0.0,0.7111111283302307
18,36864,638.1040922840742,57,0.04444444552063942,0.1721325973328593,0.0,0.7111111283302307,310.25,53.25352101035198,104.0,324.0,1.9400780200958252,0.01122566603589803,0.0025991880975198,5.115068324812455e-05,0.004462132453220975,0.04444444552063942,0.1721325973328593,0.0,0.7111111283302307
19,38912,636.7537816716997,60,0.03784722089767456,0.1465816562369269,0.0,0.605555534362793,312.625,44.05518556310937,142.0,324.0,1.9391058087348938,0.014473677147179842,-0.002666007676452864,0.0005957467255939264,0.008192358892823645,0.03784722089767456,0.1465816562369269,0.0,0.605555534362793
20,40960,637.2557371999645,64,0.03784722089767456,0.1465816562369269,0.0,0.605555534362793,312.625,44.05518556310937,142.0,324.0,1.9427543431520462,0.00945896573830396,0.0015220913555822335,4.1596921164455125e-05,0.0024808463398698945,0.03784722089767456,0.1465816562369269,0.0,0.605555534362793
21,43008,645.9603775866435,67,0.046875,0.18154609435347266,0.0,0.75,309.375,56.64238143828347,90.0,324.0,1.9409631788730621,0.01268165826331824,-0.004950773232849315,0.001232291033375077,0.015340828208744888,0.046875,0.18154609435347266,0.0,0.75
22,45056,638.1411625059274,70,0.09444444626569748,0.24988423731393514,0.0,0.7611111402511597,294.5,78.05286669943648,86.0,324.0,1.937538743019104,0.026011989335529506,-0.005533930525416508,0.0019410084787523374,0.016441030723484323,0.09444444626569748,0.24988423731393514,0.0,0.7611111402511597
23,47104,641.9441738974992,73,0.1345486119389534,0.25778947145810394,0.0,0.7611111402511597,284.5625,78.99364590743993,86.0,324.0,1.9369708597660065,0.020776042016223073,0.004467466991627589,0.00047026767060742714,0.008012121549628624,0.1345486119389534,0.25778947145810394,0.0,0.7611111402511597
24,49152,641.1282175141441,76,0.0876736119389534,0.2042445307442171,0.0,0.7611111402511597,299.1875,61.29765365615555,86.0,324.0,1.9401998966932297,0.013738795882090926,0.0016059654299169779,5.913328732276568e-05,0.00250523043118146,0.0876736119389534,0.2042445307442171,0.0,0.7611111402511597
25,51200,637.6612420755697,80,0.05468749813735485,0.1479597520344117,0.0,0.5249999761581421,308.8125,41.69715030730517,171.0,324.0,1.9400328248739243,0.01677483646199107,-0.0024373512678721454,0.0004842756770813139,0.012192750117957056,0.05468749813735485,0.1479597520344117,0.0,0.5249999761581421
26,53248,637.3405610331317,83,0.05468749813735485,0.1479597520344117,0.0,0.5249999761581421,308.8125,41.69715030730517,171.0,324.0,1.9372666329145432,0.024634012952446938,-0.000756568435463123,0.0006154358452477027,0.01080801783989905,0.05468749813735485,0.1479597520344117,0.0,0.5249999761581421
27,55296,630.9542791182291,86,0.06805555522441864,0.14294763953791692,0.0,0.42222222685813904,306.25,37.58240944910265,208.0,324.0,1.9316226094961166,0.026017209980636835,0.0012794010872312356,0.0004268099582986906,0.007830285400249304,0.06805555522441864,0.14294763953791692,0.0,0.42222222685813904
28,57344,636.2520978887602,89,0.09027777845039964,0.15409157417059918,0.0,0.4444444477558136,302.75,41.79638142231933,200.0,324.0,1.930455282330513,0.02537324628792703,0.00036780405207537115,0.0004088124151166994,0.008974152435373802,0.09027777845039964,0.15409157417059918,0.0,0.4444444477558136
29,59392,629.1995796709708,93,0.1397569444961846,0.21822957993890213,0.0,0.6305555701255798,287.1875,64.89820755421523,133.0,324.0,1.9305040836334229,0.03343970561400056,-0.008232558611780405,0.0017435992485843599,0.018194266437291128,0.1397569444961846,0.21822957993890213,0.0,0.6305555701255798
30,61440,640.1725566592427,96,0.1710069440305233,0.2643781423276322,0.0,0.6944444179534912,273.6875,79.306934398891,110.0,324.0,1.9288607388734818,0.02360119787044823,-0.006386582448612899,0.001442181041056756,0.011851386259097714,0.1710069440305233,0.2643781423276322,0.0,0.6944444179534912
31,63488,646.9503658761887,99,0.21875,0.29623977592508005,0.0,0.7638888955116272,258.75,90.18557257122671,85.0,324.0,1.9221488535404205,0.027907680720090866,-0.0014834066532785073,0.001612958571058698,0.019812615868156004,0.21875,0.29623977592508005,0.0,0.7638888955116272
32,65536,637.198396977624,102,0.14999999850988388,0.31255709017444655,0.0,0.8416666388511658,276.75,98.48508770367218,57.0,324.0,1.9164358228445053,0.026419923175126314,-0.00906512422079686,0.0028213612458785065,0.016934941899212675,0.14999999850988388,0.31255709017444655,0.0,0.8416666388511658
33,67584,639.1792156087711,105,0.14618055522441864,0.3053216814642066,0.0,0.8416666388511658,278.125,95.91850381964889,57.0,324.0,1.8881319761276245,0.034865085035562515,-0.0032822993234731257,0.002714292670134455,0.02409801098181474,0.14618055522441864,0.3053216814642066,0.0,0.8416666388511658
34,69632,637.8012922739623,109,0.14027777686715126,0.23258187500959052,0.0,0.7027778029441833,284.75,69.20485893345929,107.0,324.0,1.8921826779842377,0.06346357334405184,-0.005598947318503633,0.0033354415354551747,0.019707882048072226,0.14027777686715126,0.23258187500959052,0.0,0.7027778029441833
35,71680,637.5806393119481,112,0.14999999850988388,0.2577783007608682,0.0,0.8583333492279053,281.25,78.84993658843361,51.0,324.0,1.9076777547597885,0.04837783984839916,0.001132188830524683,0.0019439078314462677,0.01705142616446356,0.14999999850988388,0.2577783007608682,0.0,0.8583333492279053
36,73728,642.4615088207496,115,0.18385416455566883,0.29019838257736597,0.0,0.8638888597488403,271.3125,90.77218650969029,49.0,324.0,1.9210797399282455,0.04814280150458217,-0.002235163156001363,0.001434547950339038,0.014283589720089604,0.18385416455566883,0.29019838257736597,0.0,0.8638888597488403
37,75776,639.5935543370507,118,0.18940971791744232,0.3000935655275686,0.0,0.8638888597488403,267.0625,92.59823753047355,49.0,324.0,1.9139491468667984,0.06349431909620762,-0.0037396046936919447,0.0030545856861863285,0.01833158454899672,0.18940971791744232,0.3000935655275686,0.0,0.8638888597488403
38,77824,636.1010921176181,122,0.23368055187165737,0.2794547851860641,0.0,0.7527777552604675,255.625,83.86289033297147,89.0,324.0,1.8941556066274643,0.08125569112598896,-0.00449494620988844,0.002933690877398476,0.02408433951969848,0.23368055187165737,0.2794547851860641,0.0,0.7527777552604675
39,79872,639.0513958952798,125,0.29722221847623587,0.28949422048042955,0.0,0.7527777552604675,237.25,88.37314354485757,89.0,324.0,1.9077374190092087,0.07180052436888218,-0.0008178084244718775,0.0025726546155055985,0.024269247514794978,0.29722221847623587,0.28949422048042955,0.0,0.7527777552604675
40,81920,639.8864280098077,128,0.23229166399687529,0.27761257869929745,0.0,0.6583333611488342,256.125,83.18794609196695,123.0,324.0,1.9213026016950607,0.0705073568969965,-0.002405599196208641,0.002512000472052023,0.018445728058288036,0.23229166399687529,0.27761257869929745,0.0,0.6583333611488342
41,83968,644.8011063940436,131,0.23420138657093048,0.2822055409884656,0.0,0.7333333492279053,255.4375,85.00365341413274,96.0,324.0,1.916640356183052,0.07592410873621702,0.001283360630623065,0.001598084214492701,0.014381380102775586,0.23420138657093048,0.2822055409884656,0.0,0.7333333492279053
42,86016,640.0863573235155,134,0.24565971922129393,0.27866519289033903,0.0,0.7333333492279053,253.5625,84.87783040199602,96.0,324.0,1.913712963461876,0.07871812768280506,0.005434339604107663,0.0012671076037804596,0.017947849569942772,0.24565971922129393,0.27866519289033903,0.0,0.7333333492279053
43,88064,641.6182611176149,138,0.18472221959382296,0.2704520074037167,0.0,0.7361111044883728,271.0,82.40600706259222,95.0,324.0,1.909606471657753,0.0693843956105411,0.0056042181931843515,0.0022565304971067235,0.026554431750463563,0.18472221959382296,0.2704520074037167,0.0,0.7361111044883728
44,90112,637.8098165841022,141,0.08315972238779068,0.1969884875287147,0.0,0.7361111044883728,300.8125,58.95042276141877,95.0,324.0,1.921564295887947,0.06369367986917496,0.010284177958965302,0.0006470073967648204,0.013081779701609971,0.08315972238779068,0.1969884875287147,0.0,0.7361111044883728
45,92160,643.320225078416,144,0.1402777787297964,0.23862428782503767,0.0,0.7749999761581421,284.75,71.8213930524882,81.0,324.0,1.9232959151268005,0.05636730371043086,-0.0041452080477029085,0.0016314980821334757,0.01943195868998962,0.1402777787297964,0.23862428782503767,0.0,0.7749999761581421
46,94208,641.330791085688,147,0.18559027835726738,0.2597114863629635,0.0,0.7749999761581421,270.6875,77.70916833778367,81.0,324.0,1.9157943278551102,0.05508779874071479,0.004075724835274741,0.0009735662024468184,0.01525396392997913,0.18559027835726738,0.2597114863629635,0.0,0.7749999761581421
47,96256,640.1860110018928,150,0.29236110858619213,0.30309536532855424,0.0,0.9166666865348816,239.0,94.39014779096387,30.0,324.0,1.875791296362877,0.09264222905039787,-0.014082559733651578,0.0063220952288247645,0.037237834470336774,0.29236110858619213,0.30309536532855424,0.0,0.9166666865348816
48,98304,642.3595122876309,154,0.32031249813735485,0.3415971012509798,0.0,0.9166666865348816,228.9375,108.67121787184499,30.0,324.0,1.859197422862053,0.11532700341194868,-0.005709195334929973,0.005144111521076411,0.043478149840673,0.32031249813735485,0.3415971012509798,0.0,0.9166666865348816
49,100352,643.6065883938192,157,0.2649305537343025,0.3099165970736904,0.0,0.8361111283302307,246.625,96.63518704385065,59.0,324.0,1.8863423764705658,0.0879332534968853,0.008878765045665205,0.002023982480750419,0.023142770949260726,0.2649305537343025,0.3099165970736904,0.0,0.8361111283302307
50,102400,641.8774012300826,160,0.20399305410683155,0.2719651710493958,0.0,0.8361111283302307,266.3125,83.25016422656475,59.0,324.0,1.8997903019189835,0.0674199634231627,0.012873350991867483,0.0008566129326936789,0.016894027175285493,0.20399305410683155,0.2719651710493958,0.0,0.8361111283302307
51,104448,643.0633369057683,163,0.09687500074505806,0.19199819344578697,0.0,0.6972222328186035,300.375,57.70276748129157,109.0,324.0,1.9094490110874176,0.07310418039560318,0.006468633946496993,0.0014311122649814934,0.014267105308768187,0.09687500074505806,0.19199819344578697,0.0,0.6972222328186035
52,106496,639.0574338457066,166,0.05989583395421505,0.17017706378663836,0.0,0.6972222328186035,309.1875,51.85824277537757,109.0,324.0,1.9177396148443222,0.05428361613303423,0.007879146374762058,0.00027933099772781134,0.007258827098851513,0.05989583395421505,0.17017706378663836,0.0,0.6972222328186035
53,108544,640.9432272938536,170,0.16493055410683155,0.2804814150679418,0.0,0.8694444298744202,275.875,86.80428776851983,47.0,324.0,1.9214700162410736,0.061999264638870955,-0.00338702406588709,0.00255027852836065,0.014713448445176327,0.16493055410683155,0.2804814150679418,0.0,0.8694444298744202
54,110592,639.581839251831,173,0.18420138861984015,0.27914199353163455,0.0,0.8694444298744202,271.1875,86.12869640108342,47.0,324.0,1.9197756052017212,0.054450858384370804,0.00029749475652351975,0.0017248270160052925,0.014355661163749709,0.18420138861984015,0.27914199353163455,0.0,0.8694444298744202
55,112640,639.6115087761101,176,0.26093750167638063,0.2862500841889985,0.0,0.7055555582046509,248.0625,86.95722278080183,106.0,324.0,1.8998605161905289,0.08313384838402271,-0.01074806516407989,0.0036107020860072225,0.020402110380994466,0.26093750167638063,0.2862500841889985,0.0,0.7055555582046509
56,114688,642.0366808289526,179,0.3203124995343387,0.31314858385787064,0.0,0.7138888835906982,228.9375,96.9300448454967,103.0,324.0,1.8762658387422562,0.08372603543102741,-0.008171218927600421,0.0033268120314460248,0.02655657869226873,0.3203124995343387,0.31314858385787064,0.0,0.7138888835906982
57,116736,638.5404379811205,182,0.2890624958090484,0.31651352553350154,0.0,0.7138888835906982,237.9375,97.78130492967456,103.0,324.0,1.8833832889795303,0.08571088220924139,-0.00534231164783705,0.0018236644100397825,0.025707691089038857,0.2890624958090484,0.31651352553350154,0.0,0.7138888835906982
58,118784,642.2946702894654,186,0.3137152763083577,0.29807197401867447,0.0,0.7416666746139526,231.3125,90.97233009959676,93.0,324.0,1.8744190782308578,0.1022993978112936,0.0030110233838058775,0.003105137759121135,0.030860782020271198,0.3137152763083577,0.29807197401867447,0.0,0.7416666746139526
59,120832,641.266012978457,189,0.3951388904824853,0.3357816638757088,0.0,0.9027777910232544,204.25,105.23931062107923,35.0,324.0,1.8724481612443924,0.11191992182284594,-0.01100287104054587,0.004047586407978088,0.03386000091612986,0.3951388904824853,0.3357816638757088,0.0,0.9027777910232544
60,122880,643.2417016695656,192,0.3447916628792882,0.3036904459933319,0.0,0.7888888716697693,222.375,94.36688706850512,76.0,324.0,1.8575899600982666,0.13046321645379066,0.004543150920653716,0.00526016901130788,0.04589577608502929,0.3447916628792882,0.3036904459933319,0.0,0.7888888716697693
61,124928,638.3715969295505,195,0.3810763880610466,0.3238274473214911,0.0,0.8611111044883728,209.3125,100.94597487641595,50.0,324.0,1.889027327299118,0.14215226657688618,0.002540458575822413,0.004273571335943416,0.029010128907511964,0.3810763880610466,0.3238274473214911,0.0,0.8611111044883728
62,126976,641.6813368288674,198,0.40572916716337204,0.335278567049907,0.0,0.8611111044883728,200.4375,104.54004540725052,50.0,324.0,1.8845320343971252,0.1394662093371153,-0.0032691937958588824,0.0040070142422337085,0.023956238056567276,0.40572916716337204,0.335278567049907,0.0,0.8611111044883728
63,129024,637.8982460635103,202,0.43871527444571257,0.31136594615589863,0.0,0.8305555582046509,193.0625,99.82326178676992,61.0,324.0,1.865123376250267,0.14933587238192558,-0.003109485434833914,0.005277337186271325,0.03180270752277027,0.43871527444571257,0.31136594615589863,0.0,0.8305555582046509
64,131072,635.6162855159779,205,0.3031249986961484,0.2962761963718054,0.0,0.8027777671813965,237.375,93.45378202619732,71.0,324.0,1.9005988836288452,0.13254266791045666,0.011651094304397702,0.0017232144018635154,0.01911461234398293,0.3031249986961484,0.2962761963718054,0.0,0.8027777671813965
65,133120,635.7953425082976,208,0.3361111134290695,0.3018078257670331,0.0,0.7722222208976746,225.5,94.03058013221018,82.0,324.0,1.9039615541696548,0.12127457372844219,0.002729616971919313,0.002587305396446027,0.019134041849122596,0.3361111134290695,0.3018078257670331,0.0,0.7722222208976746
66,135168,641.2959825972297,211,0.38628472574055195,0.35711392326319413,0.0,0.8861111402511597,205.1875,111.65304448939133,41.0,324.0,1.8694228678941727,0.13108179531991482,-0.006547834942466579,0.0052611280989367515,0.0356740566803382,0.38628472574055195,0.35711392326319413,0.0,0.8861111402511597
67,137216,636.6111715365198,215,0.430902783293277,0.3447395678720438,0.0,0.8861111402511597,193.625,110.41052655883858,41.0,324.0,1.8818693459033966,0.14858761429786682,-0.013177917484426871,0.004944975982652977,0.024274718381493955,0.430902783293277,0.3447395678720438,0.0,0.8861111402511597
68,139264,637.0986788816497,218,0.40017361380159855,0.34363209506571607,0.0,0.875,202.4375,108.24796115285497,45.0,324.0,1.8929086327552795,0.13801194354891777,0.008735390758374706,0.0030109882936812937,0.030842506010859805,0.40017361380159855,0.34363209506571607,0.0,0.875
69,141312,636.0247919761048,221,0.3154513891786337,0.37074485317734146,0.0,0.9027777910232544,226.1875,116.33315238464915,35.0,324.0,1.8872536569833755,0.1450661886483431,-0.004693067086918745,0.005545583553612232,0.03200192691832897,0.3154513891786337,0.37074485317734146,0.0,0.9027777910232544
70,143360,636.2971072335458,224,0.4765625,0.3619674235969306,0.0,0.9027777910232544,177.1875,115.75200794694665,35.0,324.0,1.8917776197195053,0.1478123590350151,0.0036974263784941286,0.004654906544601545,0.02894498053380932,0.4765625,0.3619674235969306,0.0,0.9027777910232544
71,145408,638.867982169572,227,0.3498263889923692,0.38326849841316196,0.0,0.8916666507720947,216.0625,121.76948958482991,39.0,324.0,1.895943596959114,0.13843470439314842,-0.0010849737445823848,0.00498269364470616,0.032115271756862795,0.3498263889923692,0.38326849841316196,0.0,0.8916666507720947
72,147456,638.8561986219789,231,0.41649305913597345,0.35500101888503816,0.0,0.8888888955116272,196.5625,112.19791038049684,40.0,324.0,1.8861233443021774,0.14072422496974468,-0.006843003706308082,0.005785740679129958,0.03269133357784393,0.41649305913597345,0.35500101888503816,0.0,0.8888888955116272
73,149504,642.2417497101292,234,0.47499999962747097,0.3505121917302562,0.0,0.8888888955116272,177.75,111.14601882208827,40.0,324.0,1.8594277948141098,0.15952750109136105,-0.0237234472297132,0.007386819226667285,0.039744169147176066,0.47499999962747097,0.3505121917302562,0.0,0.8888888955116272
74,151552,639.0930933598614,237,0.5545138921588659,0.30467815550451494,0.0,0.9194444417953491,153.625,97.63764322739463,29.0,324.0,1.8575192391872406,0.15606061182916164,-0.014484398299828172,0.007280103338416666,0.034817557560736526,0.5545138921588659,0.30467815550451494,0.0,0.9194444417953491
75,153600,634.3391433284331,240,0.5586805585771799,0.3087957592695674,0.0,0.9194444417953491,152.125,99.19795549808474,29.0,324.0,1.833478406071663,0.18312081694602966,-0.006166671388200484,0.005931860359851271,0.044334877528924205,0.5586805585771799,0.3087957592695674,0.0,0.9194444417953491
76,155648,640.9977038824758,243,0.5314327478408813,0.3694868205730161,0.0,0.9083333611488342,159.21052631578948,119.66381810255298,33.0,324.0,1.7899478077888489,0.24605895578861237,-0.029384549474343657,0.0117943633813411,0.055875767615754676,0.5314327478408813,0.3694868205730161,0.0,0.9083333611488342
77,157696,641.8631083118992,247,0.7459064314239904,0.18935350448656177,0.22777777910232544,0.9277777671813965,91.47368421052632,68.16726210776474,26.0,278.0,1.7514606714248657,0.292796291410923,-0.04421999817714095,0.013471117126755416,0.058893809542714406,0.7459064314239904,0.18935350448656177,0.22777777910232544,0.9277777671813965
78,159744,642.0182540857037,250,0.6217320245854995,0.21748470215163038,0.0,0.8972222208976746,134.05882352941177,72.48323991933688,37.0,324.0,1.7485571205615997,0.27665345184504986,-0.014893432380631566,0.009375804685987532,0.06659806106990077,0.6217320245854995,0.21748470215163038,0.0,0.8972222208976746
79,161792,642.1120303408094,253,0.6597222276031971,0.2113759346128784,0.0,0.8972222208976746,120.25,69.26534126097987,37.0,324.0,1.7771359384059906,0.29035278782248497,-0.023822571733035147,0.007181333203334361,0.046139690471682315,0.6597222276031971,0.2113759346128784,0.0,0.8972222208976746
80,163840,642.2002645376856,256,0.68914141302759,0.2594265326856164,0.0,0.9305555820465088,108.63636363636364,84.88577643705872,25.0,324.0,1.733924999833107,0.3063434474170208,-0.027068390743806958,0.009526428300887346,0.06380281408942562,0.68914141302759,0.2594265326856164,0.0,0.9305555820465088
81,165888,640.7936197655379,260,0.7369565264038418,0.21883044961370648,0.0,0.9361110925674438,93.1304347826087,73.68517303975014,23.0,324.0,1.7111069858074188,0.4033614695072174,-0.031938240164890885,0.011436024447903037,0.07469515094748391,0.7369565264038418,0.21883044961370648,0.0,0.9361110925674438
82,167936,639.2487104975335,263,0.7449074151615301,0.16552981439916822,0.38055557012557983,0.9472222328186035,91.83333333333333,59.59073380615107,19.0,223.0,1.70012666285038,0.43905292078852654,-0.016736641118768603,0.008029296761378646,0.05789454756274097,0.7449074151615301,0.16552981439916822,0.38055557012557983,0.9472222328186035
83,169984,637.0075421080764,266,0.8341435218850771,0.096779674142561,0.5861111283302307,0.9472222328186035,59.708333333333336,34.840684033022214,19.0,149.0,1.6996051222085953,0.44172848761081696,0.0013951421424280852,0.006565460877027363,0.06526481360390449,0.8341435218850771,0.096779674142561,0.5861111283302307,0.9472222328186035
84,172032,635.1102403027022,269,0.6619444422423839,0.24203531764435365,0.0,0.9166666865348816,119.9,82.43658168555996,30.0,324.0,1.7343318909406662,0.39357365667819977,0.003440616674197372,0.009544613887555897,0.06478060196575498,0.6619444422423839,0.24203531764435365,0.0,0.9166666865348816
85,174080,635.5917824090088,272,0.748529406154857,0.2139920316839484,0.0,0.9194444417953491,88.41176470588235,69.7508665967919,29.0,324.0,1.7000357061624527,0.4115602895617485,0.000535038736416027,0.0074328234186396,0.049303392509627356,0.748529406154857,0.2139920316839484,0.0,0.9194444417953491
86,176128,642.4024112634715,276,0.7569023555878437,0.25079850302785284,0.0,0.9416666626930237,85.33333333333333,83.88436003562201,21.0,324.0,1.6081663966178894,0.4816194288432598,-0.023072390584275126,0.011069339059758931,0.07538987656060273,0.7569023555878437,0.25079850302785284,0.0,0.9416666626930237
87,178176,643.4507705100746,279,0.7906809987560395,0.175417731001129,0.0,0.949999988079071,74.19354838709677,58.028591036932205,18.0,324.0,1.6106246709823608,0.49338581413030624,-0.015918498276732862,0.008829853730276227,0.07958337103264883,0.7906809987560395,0.175417731001129,0.0,0.949999988079071
88,180224,639.987497573952,282,0.8590277777984738,0.10395580520407491,0.4583333432674408,0.9444444179534912,50.75,37.42408983529192,20.0,195.0,1.597453698515892,0.520012617111206,-0.0122496246767696,0.00981794425752014,0.05593729222939023,0.8590277777984738,0.10395580520407491,0.4583333432674408,0.9444444179534912
89,182272,641.0708002788791,285,0.7845486127771437,0.18962140766121915,0.18611110746860504,0.9305555820465088,77.5625,68.2637062702429,25.0,293.0,1.60193333029747,0.5427433550357819,-0.01430142403114587,0.01102526590693742,0.07038455333920159,0.7845486127771437,0.18962140766121915,0.18611110746860504,0.9305555820465088
90,184320,640.2698509762438,288,0.8091111052036285,0.09531468328313719,0.4833333194255829,0.9444444179534912,68.72,34.313286056569986,20.0,186.0,1.6577861458063126,0.5229694247245789,0.01927793468348682,0.005816376360598952,0.05081894119771707,0.8091111052036285,0.09531468328313719,0.4833333194255829,0.9444444179534912
91,186368,637.3927242439252,292,0.7936965846098386,0.10728330526392713,0.5722222328186035,0.9333333373069763,74.26923076923077,38.62199223271203,24.0,154.0,1.6718336194753647,0.5135288834571838,0.014711021445691586,0.006113952549640089,0.041301081168857896,0.7936965846098386,0.10728330526392713,0.5722222328186035,0.9333333373069763
92,188416,638.634625352813,295,0.7673371665436646,0.20692776865208795,0.0,0.9305555820465088,82.51724137931035,70.04758022828688,25.0,324.0,1.6301889270544052,0.501067265868187,0.002477120709954761,0.007322204648517072,0.0439806966513801,0.7673371665436646,0.20692776865208795,0.0,0.9305555820465088
93,190464,640.8702077987112,298,0.8337037046750386,0.08518840840691105,0.5166666507720947,0.949999988079071,59.86666666666667,30.667826065040142,18.0,174.0,1.6322827190160751,0.5265554487705231,-0.013704362499993294,0.007531468174420297,0.07232419990203144,0.8337037046750386,0.08518840840691105,0.5166666507720947,0.949999988079071
94,192512,638.8458408625124,301,0.7726495701533097,0.18395499925518083,0.0,0.9388889074325562,80.46153846153847,60.524776089714365,22.0,324.0,1.670827031135559,0.5046523734927177,0.009264591266401112,0.006625032692681998,0.04314028320730682,0.7726495701533097,0.18395499925518083,0.0,0.9388889074325562
95,194560,642.4891875127573,304,0.770061723611973,0.1774259165558067,0.18333333730697632,0.9361110925674438,82.77777777777777,63.87333143915231,23.0,294.0,1.6821966171264648,0.50888242572546,0.008110291906632483,0.008328691590577364,0.05397466901097825,0.770061723611973,0.1774259165558067,0.18333333730697632,0.9361110925674438
96,196608,640.7632669030571,308,0.8009259281335054,0.13286096127110536,0.38055557012557983,0.9166666865348816,71.66666666666667,47.82994567949773,30.0,223.0,1.6868144571781158,0.5005209594964981,-0.001206431188620627,0.0062261398998089135,0.06584917102594295,0.8009259281335054,0.13286096127110536,0.38055557012557983,0.9166666865348816
97,198656,642.729073266659,311,0.7907828255133196,0.09761603367907387,0.5,0.9222221970558167,75.31818181818181,35.141773075302176,28.0,180.0,1.6854910254478455,0.4875144325196743,0.01013362072990276,0.00633442506659776,0.05185774190938688,0.7907828255133196,0.09761603367907387,0.5,0.9222221970558167
98,200704,642.2365637704643,314,0.7259259254982074,0.20456887005512567,0.11944444477558136,0.9305555820465088,98.66666666666667,73.6447931326822,25.0,317.0,1.6720994859933853,0.46528180688619614,0.008327077310241293,0.007802127569448203,0.04799348957558887,0.7259259254982074,0.20456887005512567,0.11944444477558136,0.9305555820465088
99,202752,641.3968274733186,317,0.7835390920992251,0.13762994244370746,0.2361111044883728,0.9194444417953491,77.92592592592592,49.54677993493058,29.0,275.0,1.6467556804418564,0.48826465755701065,-0.004836986074224114,0.008183884026948363,0.04973181983156301,0.7835390920992251,0.13762994244370746,0.2361111044883728,0.9194444417953491
100,204800,642.797081484467,320,0.7988683106722655,0.18349733980541538,0.0,0.9388889074325562,71.07407407407408,60.35814463800773,22.0,324.0,1.6374538987874985,0.5060908161103725,-0.00474250411207322,0.00835402199300006,0.04925878746274612,0.7988683106722655,0.18349733980541538,0.0,0.9388889074325562
101,206848,643.7973172709052,324,0.8112903237342834,0.17325384121219933,0.0,0.9416666626930237,66.7741935483871,57.02897377786215,21.0,324.0,1.6073146015405655,0.5166546776890755,-0.008866272430168465,0.009471487370319664,0.05601290351158042,0.8112903237342834,0.17325384121219933,0.0,0.9416666626930237
102,208896,641.6258333823208,327,0.7935483897885969,0.19412209479323897,0.0,0.9305555820465088,73.16129032258064,65.2741596722295,25.0,324.0,1.6017825901508331,0.5154739320278168,-0.00039518596895504743,0.009256315301172435,0.052475594288069624,0.7935483897885969,0.19412209479323897,0.0,0.9305555820465088
103,210944,637.9825776697713,330,0.7922619038394519,0.1511244573798625,0.3638888895511627,0.9388889074325562,74.78571428571429,54.40480358443751,22.0,229.0,1.6260200142860413,0.5285484790802002,0.007185390713857487,0.0069776547607034445,0.05364827694590599,0.7922619038394519,0.1511244573798625,0.3638888895511627,0.9388889074325562
104,212992,640.9023400649234,333,0.8298148155212403,0.13848633025161852,0.3222222328186035,0.9361110925674438,61.266666666666666,49.85507886754257,23.0,244.0,1.6465523093938828,0.5084767229855061,-0.008188391293515451,0.007308693020604551,0.055878363096931796,0.8298148155212403,0.13848633025161852,0.3222222328186035,0.9361110925674438
105,215040,644.1520144339142,336,0.7911458313465118,0.184245722419746,0.0,0.9444444179534912,74.0625,61.626869900636684,20.0,324.0,1.5999697148799896,0.5167875364422798,-0.01722618762869388,0.00836344831623137,0.05204645655421647,0.7911458313465118,0.184245722419746,0.0,0.9444444179534912
106,217088,643.7260580793707,340,0.8136831312267868,0.1262566619245887,0.4305555522441864,0.9388889074325562,67.07407407407408,45.45239750505441,22.0,205.0,1.6172195971012115,0.5156614035367966,-0.003543314291164279,0.0075438214698806405,0.05371009752908654,0.8136831312267868,0.1262566619245887,0.4305555522441864,0.9388889074325562
107,219136,641.5136096393568,343,0.812164750592462,0.12425044531028198,0.3027777671813965,0.9361110925674438,67.62068965517241,44.7301593798308,23.0,251.0,1.5932447612285614,0.5326548889279366,-0.007884425343945622,0.007917638344224542,0.058107482277605295,0.812164750592462,0.12425044531028198,0.3027777671813965,0.9361110925674438
108,221184,640.6323284626758,346,0.8239583317190409,0.16889390080994363,0.0,0.9388889074325562,62.25,55.395735395425525,22.0,324.0,1.5857371389865875,0.5371395349502563,-0.019552651443518698,0.009258038247935474,0.07818561397118287,0.8239583317190409,0.16889390080994363,0.0,0.9388889074325562
109,223232,645.7509856986493,349,0.8535907879108335,0.10970356028941018,0.46388888359069824,0.9388889074325562,52.707317073170735,39.49328062788812,22.0,193.0,1.552939996123314,0.579525999724865,-0.03270106320269406,0.008051101060118526,0.06396567696520016,0.8535907879108335,0.10970356028941018,0.46388888359069824,0.9388889074325562
110,225280,643.6208626158705,352,0.8622329057409213,0.14908141000750388,0.0,0.9527778029441833,48.90384615384615,49.74985876106144,17.0,324.0,1.4468774050474167,0.6386739239096642,-0.03552403813228011,0.009433774393983185,0.07632527484493867,0.8622329057409213,0.14908141000750388,0.0,0.9527778029441833
111,227328,643.1513993665922,356,0.8946338377215646,0.04354921335070701,0.7555555701255798,0.9527778029441833,37.93181818181818,15.677716854986377,17.0,88.0,1.4738070368766785,0.6469267383217812,-0.015985671896487474,0.006886812800075859,0.05804899889212924,0.8946338377215646,0.04354921335070701,0.7555555701255798,0.9527778029441833
112,229376,647.9752123077907,359,0.8863351244118906,0.08938773884528835,0.4000000059604645,0.9472222328186035,40.91935483870968,32.17958598898495,19.0,216.0,1.4252226203680038,0.712020993232727,-0.04089448135346174,0.005523065628949553,0.07106676233825038,0.8863351244118906,0.08938773884528835,0.4000000059604645,0.9472222328186035
113,231424,645.1410178600277,362,0.9035858609459617,0.046341073462629924,0.7138888835906982,0.9472222328186035,34.70909090909091,16.68278669469901,19.0,103.0,1.4212468415498734,0.7118827551603317,-0.014798253891058266,0.003810335590969771,0.049241120917652675,0.9035858609459617,0.046341073462629924,0.7138888835906982,0.9472222328186035
114,233472,648.870600922204,365,0.9036868691444397,0.0551501727579517,0.6638888716697693,0.9583333134651184,34.67272727272727,19.854062598191145,15.0,121.0,1.4407956898212433,0.7076056823134422,-0.0002952981158159673,0.004293699807021767,0.04886264428032561,0.9036868691444397,0.0551501727579517,0.6638888716697693,0.9583333134651184
115,235520,643.1979199464831,368,0.9028867120836296,0.05202263430094698,0.6972222328186035,0.9611111283302307,34.96078431372549,18.728148871929804,14.0,109.0,1.4985417574644089,0.7032778263092041,0.010714724427089095,0.004465014528250322,0.04623653993592815,0.9028867120836296,0.05202263430094698,0.6972222328186035,0.9611111283302307
116,237568,643.4240692020963,372,0.8751811589235845,0.10837575654056397,0.24166665971279144,0.9444444179534912,44.93478260869565,39.01527135450661,20.0,273.0,1.5479679554700851,0.6898562461137772,0.017211309866979718,0.006393914809450507,0.04991004718280123,0.8751811589235845,0.10837575654056397,0.24166665971279144,0.9444444179534912
117,239616,645.411643675361,375,0.842916663736105,0.15397629592729314,0.0,0.9472222328186035,55.65,50.57694632933072,19.0,324.0,1.5707385838031769,0.6606027334928513,0.018089198973029852,0.004086402739631012,0.039861978688322544,0.842916663736105,0.15397629592729314,0.0,0.9472222328186035
118,241664,642.5339301638841,378,0.863450291125398,0.08679581956356251,0.48055556416511536,0.9472222328186035,49.1578947368421,31.246495648387665,19.0,187.0,1.5706731081008911,0.6360671669244766,0.01256833371007815,0.004664604435674846,0.044455250060682,0.863450291125398,0.08679581956356251,0.48055556416511536,0.9472222328186035
119,243712,644.1328381496314,381,0.8361882699860467,0.17428509654743865,0.0,0.9388889074325562,57.97222222222222,58.04810558259757,22.0,324.0,1.6111603379249573,0.6094080731272697,0.01319061208050698,0.005733114521717653,0.04789390507007967,0.8361882699860467,0.17428509654743865,0.0,0.9388889074325562
120,245760,644.1657814881543,384,0.8708672116442424,0.06900844687367413,0.6222222447395325,0.9416666626930237,46.48780487804878,24.843040887687106,21.0,136.0,1.5385823845863342,0.6323501318693161,-0.014791065477766097,0.005924357275944203,0.048666846688404417,0.8708672116442424,0.06900844687367413,0.6222222447395325,0.9416666626930237
121,247808,641.3564569855599,388,0.8371794865681574,0.17441125013810363,0.0,0.9388889074325562,57.69230769230769,58.46636282388399,22.0,324.0,1.606510728597641,0.6129959523677826,0.011410668143071234,0.007094083586707711,0.05465024820958123,0.8371794865681574,0.17441125013810363,0.0,0.9388889074325562
122,249856,640.775598900364,391,0.8758417512431289,0.0640131515495218,0.6916666626930237,0.949999988079071,44.696969696969695,23.044732321876957,18.0,111.0,1.5882107466459274,0.5841197669506073,0.013422642194200307,0.004553787759505212,0.05787476469565761,0.8758417512431289,0.0640131515495218,0.6916666626930237,0.949999988079071
123,251904,646.5944792755859,394,0.8177927953971399,0.18891920378951255,0.11388888955116272,0.9472222328186035,65.5945945945946,68.01091305890488,19.0,319.0,1.597708836197853,0.6079455241560936,0.00943257527978858,0.008941001549828798,0.060519171140555314,0.8177927953971399,0.18891920378951255,0.11388888955116272,0.9472222328186035
124,253952,643.9267048407914,397,0.8213675251373878,0.16150378994612613,0.0,0.9388889074325562,63.38461538461539,53.54347161939726,22.0,324.0,1.58835069835186,0.5936067402362823,0.005400795518653467,0.005769786483142525,0.04546308418224078,0.8213675251373878,0.16150378994612613,0.0,0.9388889074325562
125,256000,644.247864665818,400,0.8437500055879354,0.07538481547597396,0.6388888955116272,0.9388889074325562,56.25,27.13853349022382,22.0,130.0,1.6217827945947647,0.5873279571533203,0.0074706143932417035,0.004524155810941011,0.04491422342315228,0.8437500055879354,0.07538481547597396,0.6388888955116272,0.9388889074325562
126,258048,644.3626422550134,403,0.7965488144845674,0.16927397855668413,0.0,0.9222221970558167,72.15151515151516,55.91016669737766,28.0,324.0,1.6307623237371445,0.5743275880813599,0.009017356031108648,0.005966749682556838,0.05280709105717924,0.7965488144845674,0.16927397855668413,0.0,0.9222221970558167
127,260096,644.6084763133097,407,0.8736111100982217,0.04343340413995644,0.7777777910232544,0.9333333373069763,45.5,15.636025521776531,24.0,80.0,1.6115881502628326,0.5710454881191254,-0.011803619447164237,0.0049599469057284296,0.047275324060657535,0.8736111100982217,0.04343340413995644,0.7777777910232544,0.9333333373069763
128,262144,643.311890089439,410,0.8499131929129362,0.12938207389090065,0.3472222089767456,0.9444444179534912,54.03125,46.57754580736838,20.0,235.0,1.5886782258749008,0.5604267418384552,0.004182462980679702,0.007177878811489791,0.05048813881427129,0.8499131929129362,0.12938207389090065,0.3472222089767456,0.9444444179534912
129,264192,641.6738111875001,413,0.8314814815918604,0.17539759894331045,0.0,0.9472222328186035,59.666666666666664,58.50973328335114,19.0,324.0,1.5600485354661942,0.5685239434242249,-0.005787331232568249,0.008932773605920374,0.06484891850701228,0.8314814815918604,0.17539759894331045,0.0,0.9472222328186035
130,266240,645.0962505203428,416,0.8397486734957922,0.15733404064888956,0.0,0.9555555582046509,56.833333333333336,52.15358119770906,16.0,324.0,1.5333319902420044,0.5848986059427261,-0.01767776836641133,0.007909650914371014,0.0585486452668723,0.8397486734957922,0.15733404064888956,0.0,0.9555555582046509
131,268288,644.4860677407282,419,0.860683757525224,0.09989219235927,0.5444444417953491,0.949999988079071,50.15384615384615,35.96118880948899,18.0,164.0,1.5587704926729202,0.5997456833720207,-0.014161458238959312,0.007163242960814387,0.06961101926777337,0.860683757525224,0.09989219235927,0.5444444417953491,0.949999988079071
132,270336,645.9918563796506,423,0.8565245485583017,0.11968215010086383,0.26944443583488464,0.9444444179534912,51.651162790697676,43.0855739742948,20.0,263.0,1.559735432267189,0.6399035528302193,-0.0033124024485005066,0.007148182776290923,0.05944561727529673,0.8565245485583017,0.11968215010086383,0.26944443583488464,0.9444444179534912
133,272384,644.1996944265353,426,0.872222225917013,0.08996290240563411,0.44999998807907104,0.9416666626930237,46.0,32.38664442084276,21.0,198.0,1.592407912015915,0.6170341297984123,0.009458476619329304,0.006301696877926588,0.055696265244262605,0.872222225917013,0.08996290240563411,0.44999998807907104,0.9416666626930237
134,274432,641.35621755536,429,0.8262345650129848,0.17892718191156604,0.0,0.9472222328186035,61.55555555555556,59.91032393152492,19.0,324.0,1.5892265886068344,0.590655729174614,0.019117083167657256,0.006902699999045581,0.05594355270252279,0.8262345650129848,0.17892718191156604,0.0,0.9472222328186035
135,276480,642.7567750185252,432,0.8305555601273814,0.1673418228645303,0.0,0.9444444179534912,59.83870967741935,54.545687730085234,20.0,324.0,1.59711591899395,0.5876316502690315,0.00781936279963702,0.007955814013257623,0.05989339092678557,0.8305555601273814,0.1673418228645303,0.0,0.9444444179534912
136,278528,645.2689103165537,435,0.8308333300054074,0.13770999934007358,0.2805555462837219,0.9388889074325562,60.9,49.57559883652441,22.0,259.0,1.5771875828504562,0.6359802559018135,-0.0007187064620666206,0.008288238430395722,0.05711596134363278,0.8308333300054074,0.13770999934007358,0.2805555462837219,0.9388889074325562
137,280576,645.9331761625833,438,0.8540343911874861,0.1436207220887848,0.0,0.9472222328186035,51.69047619047619,46.65092664584595,19.0,324.0,1.569594994187355,0.609534278512001,-0.0033855768415378407,0.006369908340275288,0.05856056505241751,0.8540343911874861,0.1436207220887848,0.0,0.9472222328186035
138,282624,642.8081931055415,442,0.8808641996648576,0.053193529797455154,0.7472222447395325,0.9361110925674438,42.888888888888886,19.149670402991532,23.0,91.0,1.5645301043987274,0.5846889168024063,-0.008493409171933308,0.005829440429806709,0.05251227450955972,0.8808641996648576,0.053193529797455154,0.7472222447395325,0.9361110925674438
139,284672,645.6854086990497,445,0.8522079770381634,0.12511814815956623,0.39722222089767456,0.9527778029441833,53.205128205128204,45.04253231437211,17.0,217.0,1.5404874980449677,0.5901084616780281,-0.006789330393075943,0.007065083831548691,0.05318486630307462,0.8522079770381634,0.12511814815956623,0.39722222089767456,0.9527778029441833
140,286720,641.0954884296683,448,0.8419312167735327,0.16407689112665028,0.0,0.9583333134651184,56.04761904761905,54.76788787191007,15.0,324.0,1.538149133324623,0.6190409809350967,-0.006220540686626919,0.007920140167698264,0.06187639602355951,0.8419312167735327,0.16407689112665028,0.0,0.9583333134651184
141,288768,644.1014919723648,451,0.858134925365448,0.1492675071586196,0.0,0.9472222328186035,50.214285714285715,48.868402350591744,19.0,324.0,1.5467872321605682,0.6400577127933502,-0.005697059212252498,0.0076769134611822665,0.06019229896588374,0.858134925365448,0.1492675071586196,0.0,0.9472222328186035
142,290816,642.7638932153772,454,0.8739734304987866,0.08172431531063058,0.6583333611488342,0.9527778029441833,45.369565217391305,29.42075479749699,17.0,123.0,1.528467744588852,0.6458342894911766,-0.00844001438235864,0.0063523706630803645,0.05389926957356833,0.8739734304987866,0.08172431531063058,0.6583333611488342,0.9527778029441833
143,292864,647.8727281668245,458,0.8869753042856853,0.04723428407667594,0.730555534362793,0.9444444179534912,40.68888888888889,17.004342219591667,20.0,97.0,1.5394919663667679,0.6701505184173584,-0.0027670203562593088,0.005123885290231556,0.04225058656811739,0.8869753042856853,0.04723428407667594,0.730555534362793,0.9444444179534912
144,294912,645.7970091927912,461,0.8696217486198913,0.1404094109291617,0.0,0.949999988079071,46.170212765957444,45.8523621280375,18.0,324.0,1.5551505833864212,0.6607234850525856,-0.0022049244415711655,0.005458045052364469,0.04474706060358473,0.8696217486198913,0.1404094109291617,0.0,0.949999988079071
145,296960,641.7976951591648,464,0.8785714336803981,0.07612638098323975,0.6027777791023254,0.9527778029441833,43.714285714285715,27.405496246005033,17.0,143.0,1.6252645999193192,0.6191910356283188,0.013861514045856893,0.005514218297321349,0.048482105668223266,0.8785714336803981,0.07612638098323975,0.6027777791023254,0.9527778029441833
146,299008,650.3255734794758,467,0.8187830661024366,0.19215088128093502,0.0,0.9416666626930237,64.38095238095238,65.64984763372316,21.0,324.0,1.6320393681526184,0.6291134655475616,0.014904428739100695,0.006883418885990977,0.05976184211343977,0.8187830661024366,0.19215088128093502,0.0,0.9416666626930237
147,301056,649.2873463061278,470,0.8729166723787785,0.13270916425587556,0.0,0.949999988079071,45.0,42.86655650582009,18.0,324.0,1.5504755526781082,0.6510510519146919,-0.014284776349086314,0.005335487949196249,0.047196904928942456,0.8729166723787785,0.13270916425587556,0.0,0.949999988079071
148,303104,642.4534363181319,474,0.8736111100982217,0.053117455655625236,0.7527777552604675,0.9472222328186035,45.5,19.12228450541102,19.0,89.0,1.6269917637109756,0.6110885143280029,0.0100234833516879,0.0046813985100016,0.05183922179092387,0.8736111100982217,0.053117455655625236,0.7527777552604675,0.9472222328186035
149,305152,645.1737252013686,477,0.833475784613536,0.15671241079052894,0.17222222685813904,0.9416666626930237,59.94871794871795,56.41646818945448,21.0,298.0,1.6113622188568115,0.6090049892663956,0.017859642393887043,0.007215099991299212,0.04489059207351202,0.833475784613536,0.15671241079052894,0.17222222685813904,0.9416666626930237
150,307200,645.9169049772299,480,0.8388888852463828,0.12621834216692096,0.27222222089767456,0.9444444179534912,58.0,45.43860326491855,20.0,262.0,1.5689083933830261,0.6065588146448135,-0.0012198588156024925,0.0057315423036925495,0.041686409961480465,0.8388888852463828,0.12621834216692096,0.27222222089767456,0.9444444179534912
151,309248,640.6134567138889,483,0.8791394362262651,0.06741001364964333,0.605555534362793,0.9444444179534912,43.509803921568626,24.26760331284877,20.0,142.0,1.5067357569932938,0.6477369144558907,-0.03372220858000219,0.004987822379916906,0.04402618712480945,0.8791394362262651,0.06741001364964333,0.605555534362793,0.9444444179534912
152,311296,644.428772710942,486,0.9060897403038465,0.03982779837840921,0.7749999761581421,0.9611111283302307,33.80769230769231,14.338005522626357,14.0,81.0,1.4494080245494843,0.6611187532544136,-0.024033560184761882,0.005555764539167285,0.04866525356380972,0.9060897403038465,0.03982779837840921,0.7749999761581421,0.9611111283302307
153,313344,643.7105249945183,489,0.886165577991336,0.13142986868654977,0.0,0.9555555582046509,40.27450980392157,42.58190650986179,16.0,324.0,1.43619604408741,0.6619525700807571,-0.02184496819972992,0.006261130620259792,0.061923960259251454,0.886165577991336,0.13142986868654977,0.0,0.9555555582046509
154,315392,634.8686870179969,493,0.8899801618286541,0.12714070756541032,0.0,0.9555555582046509,38.964285714285715,41.30071094412051,16.0,324.0,1.4376291632652283,0.6832843869924545,-0.011132903455290943,0.006763264536857605,0.059261187382743746,0.8899801618286541,0.12714070756541032,0.0,0.9555555582046509
155,317440,648.4114622506918,496,0.875838577747345,0.1388129616974259,0.0,0.9527778029441833,44.0188679245283,45.74848819691543,17.0,324.0,1.4572056531906128,0.6965859979391098,-0.0011697372974595055,0.006522833253256977,0.05589070988773357,0.875838577747345,0.1388129616974259,0.0,0.9527778029441833
156,319488,645.7804535728809,499,0.8965535031424628,0.0569449093940976,0.5722222328186035,0.9472222328186035,37.24074074074074,20.500167284940932,19.0,154.0,1.4973542988300323,0.7026277258992195,-0.005949119629804045,0.004515484790317714,0.046241846018779995,0.8965535031424628,0.0569449093940976,0.5722222328186035,0.9472222328186035
157,321536,645.6511450398318,502,0.890849675617966,0.040722023595041214,0.769444465637207,0.9388889074325562,39.294117647058826,14.659928199336058,22.0,83.0,1.4980314671993256,0.705064944922924,-0.0030957395065343007,0.0036116857663728297,0.04063741497261219,0.890849675617966,0.040722023595041214,0.769444465637207,0.9388889074325562
158,323584,649.5571402148198,505,0.9001883227946395,0.038278312755312724,0.7583333253860474,0.949999988079071,35.932203389830505,13.780192622180406,18.0,87.0,1.4531179070472717,0.7371838465332985,-0.01194947469048202,0.002856331440852955,0.03696350811079836,0.9001883227946395,0.038278312755312724,0.7583333253860474,0.949999988079071
159,325632,616.0522192499926,509,0.9061020075297747,0.028778954930267952,0.8416666388511658,0.949999988079071,33.80327868852459,10.36042228415132,18.0,57.0,1.427133023738861,0.7398530840873718,-0.014776120893657207,0.002646799519425258,0.03646468227752566,0.9061020075297747,0.028778954930267952,0.8416666388511658,0.949999988079071
160,327680,642.5531074935204,512,0.9,0.04394287487138445,0.7611111402511597,0.9583333134651184,36.0,15.819435686981551,15.0,86.0,1.4323196113109589,0.7248428538441658,-0.0002016137368627824,0.0034402601013425738,0.03387072098321735,0.9,0.04394287487138445,0.7611111402511597,0.9583333134651184
161,329728,644.0440238557522,515,0.898737370967865,0.046969968549479595,0.75,0.949999988079071,36.45454545454545,16.909188660519014,18.0,90.0,1.4600194841623306,0.7339618727564812,0.007206703055999242,0.003333009604830295,0.03516877511439199,0.898737370967865,0.046969968549479595,0.75,0.949999988079071
162,331776,645.0942157888875,518,0.894040403582833,0.04942548161022734,0.6666666865348816,0.949999988079071,38.14545454545455,17.793173544744295,18.0,120.0,1.495938003063202,0.7258220687508583,0.004543415714579169,0.003766443667700514,0.036614510920928205,0.894040403582833,0.04942548161022734,0.6666666865348816,0.949999988079071
163,333824,646.4960319592742,522,0.8782098783387078,0.05711080823133331,0.7083333134651184,0.9416666626930237,43.84444444444444,20.559891434598313,21.0,105.0,1.571453869342804,0.6966910511255264,0.01814455445855856,0.003747228707652539,0.0390302022236204,0.8782098783387078,0.05711080823133331,0.7083333134651184,0.9416666626930237
164,335872,646.4657689629647,525,0.8822222232818604,0.03970765268175687,0.769444465637207,0.9305555820465088,42.4,14.29475428260311,25.0,83.0,1.5883903801441193,0.6787205263972282,0.012707380810752511,0.00313387718051672,0.033013132683127375,0.8822222232818604,0.03970765268175687,0.769444465637207,0.9305555820465088
165,337920,650.8303751137541,528,0.8692841873719142,0.11256185972245555,0.20555555820465088,0.949999988079071,47.05769230769231,40.522269974735195,18.0,286.0,1.5502798408269882,0.6864845380187035,-0.00432244420517236,0.0055263329413719475,0.04468194160595473,0.8692841873719142,0.11256185972245555,0.20555555820465088,0.949999988079071
166,339968,652.5829675156311,531,0.8916666665167179,0.03756351524251898,0.7888888716697693,0.949999988079071,39.0,13.522866727447324,18.0,76.0,1.477168321609497,0.7027854472398758,-0.010404270316939801,0.0032079597003757954,0.03339066593578104,0.8916666665167179,0.03756351524251898,0.7888888716697693,0.949999988079071
167,342016,643.9107276568959,534,0.8907222211360931,0.04859955568539245,0.730555534362793,0.949999988079071,39.34,17.495839505436713,18.0,97.0,1.5109856128692627,0.6969203948974609,-0.006152104411739856,0.0033801780664362013,0.031219526136303383,0.8907222211360931,0.04859955568539245,0.730555534362793,0.949999988079071
168,344064,645.5492491318273,537,0.9030982886369412,0.041889199332419406,0.7222222089767456,0.9472222328186035,34.88461538461539,15.08011151529091,19.0,100.0,1.4985899925231934,0.7068181857466698,-0.007808017136994749,0.0038941572711337358,0.0382760462995951,0.9030982886369412,0.041889199332419406,0.7222222089767456,0.9472222328186035
169,346112,649.2883278612045,541,0.8885245909456347,0.12399818703907586,0.0,0.9472222328186035,39.540983606557376,40.44772938184877,19.0,324.0,1.4923368394374847,0.7230676338076591,-0.012200097320601344,0.005232883559074253,0.04043877268656562,0.8885245909456347,0.12399818703907586,0.0,0.9472222328186035
170,348160,648.6578488801467,544,0.9071092312618837,0.024136428393509293,0.8583333492279053,0.9416666626930237,33.440677966101696,8.68911492526309,21.0,51.0,1.4931325018405914,0.7478770241141319,-0.007100912742316723,0.002461406809743494,0.028540004380621924,0.9071092312618837,0.024136428393509293,0.8583333492279053,0.9416666626930237
171,350208,650.3137081192701,547,0.8992937843678361,0.03537972096819665,0.7861111164093018,0.9472222328186035,36.25423728813559,12.736698904918095,19.0,77.0,1.5236790925264359,0.7472671121358871,0.0012316770116740372,0.0024922353914007545,0.031863497422362955,0.8992937843678361,0.03537972096819665,0.7861111164093018,0.9472222328186035
172,352256,646.6516245871918,550,0.9037735867050459,0.02893850591771725,0.8027777671813965,0.9444444179534912,34.64150943396226,10.417862634559572,20.0,71.0,1.5292982757091522,0.7314019128680229,0.011758286564145237,0.0028146701224613935,0.0391660408508126,0.9037735867050459,0.02893850591771725,0.8027777671813965,0.9444444179534912
173,354304,647.0753209695055,553,0.8804321010907491,0.06443793807231603,0.6305555701255798,0.9555555582046509,43.044444444444444,23.197658459954344,16.0,133.0,1.5706549137830734,0.6940212100744247,0.013394375680945814,0.003906481550075114,0.03650672477442797,0.8804321010907491,0.06443793807231603,0.6305555701255798,0.9555555582046509
174,356352,645.43598834209,556,0.868604647558789,0.11035683188782872,0.3916666805744171,0.9472222328186035,47.30232558139535,39.72845906535956,19.0,219.0,1.6130977272987366,0.6670102775096893,0.01894682040438056,0.004770059953443706,0.04788242444825214,0.868604647558789,0.11035683188782872,0.3916666805744171,0.9472222328186035
175,358400,649.5806688160716,560,0.8600529120081947,0.08166979691690096,0.5722222328186035,0.9361110925674438,50.38095238095238,29.401127594955867,23.0,154.0,1.5617657750844955,0.6743413731455803,0.004586444774759002,0.0047706676996313035,0.043853844101832205,0.8600529120081947,0.08166979691690096,0.5722222328186035,0.9361110925674438
176,360448,649.2404805051024,563,0.8928639878486765,0.044870775572622874,0.7472222447395325,0.9583333134651184,38.56896551724138,16.153479468208868,15.0,91.0,1.5366052836179733,0.7010622918605804,-0.018053020583465695,0.0040859275904949754,0.035137334644603745,0.8928639878486765,0.044870775572622874,0.7472222447395325,0.9583333134651184
177,362496,643.428117633338,566,0.8903439130101886,0.052785573324719684,0.6861110925674438,0.9527778029441833,39.476190476190474,19.002804423655967,17.0,113.0,1.5689022243022919,0.6599312424659729,0.005397086657467298,0.0039105906907934695,0.0384866870444454,0.8903439130101886,0.052785573324719684,0.6861110925674438,0.9527778029441833
178,364544,645.2853427689442,569,0.8567632802802584,0.13180694597082548,0.13333334028720856,0.9361110925674438,51.56521739130435,47.450501520194265,23.0,312.0,1.5822369009256363,0.6685781627893448,0.011890272056916729,0.005248380242846906,0.04156234645997457,0.8567632802802584,0.13180694597082548,0.13333334028720856,0.9361110925674438
179,366592,647.5982285075664,572,0.8682539672369048,0.11217438168688498,0.21111111342906952,0.9444444179534912,47.42857142857143,40.38277736217499,20.0,284.0,1.5792238116264343,0.6694643199443817,0.007945017889142036,0.005322613811586052,0.04745411509749821,0.8682539672369048,0.11217438168688498,0.21111111342906952,0.9444444179534912
180,368640,647.2813780702866,575,0.8794444468286302,0.06378924241691881,0.6027777791023254,0.9444444179534912,43.4,22.964126613287757,20.0,143.0,1.5842891335487366,0.6694434881210327,0.002387148415436968,0.004827444616239518,0.046972990617148144,0.8794444468286302,0.06378924241691881,0.6027777791023254,0.9444444179534912
181,370688,644.2120141130753,579,0.8650284875661899,0.09427821219729372,0.43611112236976624,0.9444444179534912,48.58974358974359,33.94015694984936,20.0,203.0,1.6182514876127243,0.6315093338489532,0.009724927658680826,0.004713376460131258,0.044545176915806645,0.8650284875661899,0.09427821219729372,0.43611112236976624,0.9444444179534912
182,372736,642.9242386978073,582,0.8534356732117502,0.104896437451248,0.41111111640930176,0.9416666626930237,52.76315789473684,37.762717767470015,21.0,212.0,1.6237112432718277,0.6169481202960014,0.016210400382988155,0.005589888780377805,0.04601052398171508,0.8534356732117502,0.104896437451248,0.41111111640930176,0.9416666626930237
183,374784,641.1375009329779,585,0.838975690305233,0.1500859491393011,0.16111111640930176,0.949999988079071,57.96875,54.030942740595414,18.0,302.0,1.6221109330654144,0.5963481515645981,0.017442867043428123,0.00631669262656942,0.050240963967041474,0.838975690305233,0.1500859491393011,0.16111111640930176,0.949999988079071
184,376832,642.5436869078445,588,0.8264583274722099,0.18931832997184858,0.0,0.9416666626930237,61.575,64.3513354562281,21.0,324.0,1.6016035974025726,0.5824218764901161,0.0026209214847767726,0.009267786983400583,0.06651128067047778,0.8264583274722099,0.18931832997184858,0.0,0.9416666626930237
185,378880,645.8828595670041,591,0.8553617624349372,0.09017638879518347,0.5527777671813965,0.9416666626930237,52.06976744186046,32.46350032627858,21.0,161.0,1.5635317862033844,0.6191559135913849,-0.021168382139876485,0.005669757374562323,0.04565402734053061,0.8553617624349372,0.09017638879518347,0.5527777671813965,0.9416666626930237
186,380928,648.1456511321546,595,0.8844202886457029,0.04736578626632657,0.6888889074325562,0.9472222328186035,41.608695652173914,17.05168391642401,19.0,112.0,1.480863243341446,0.6755693778395653,-0.02419898845255375,0.0045003609848208725,0.04949204970610295,0.8844202886457029,0.04736578626632657,0.6888889074325562,0.9472222328186035
187,382976,646.1589201977878,598,0.8901666688919068,0.05371739773864963,0.6499999761581421,0.9416666626930237,39.54,19.338262590005343,21.0,126.0,1.5100060105323792,0.6816108450293541,-0.01018086849944666,0.0037062228948343545,0.037811875616664305,0.8901666688919068,0.05371739773864963,0.6499999761581421,0.9416666626930237
188,385024,643.8906004299333,601,0.8893115961033365,0.056003530290534766,0.7055555582046509,0.9527778029441833,39.84782608695652,20.161270870165627,17.0,106.0,1.4857523441314697,0.6656893789768219,0.006604748137760907,0.005570453475229442,0.04332677758811951,0.8893115961033365,0.056003530290534766,0.7055555582046509,0.9527778029441833
189,387072,645.1383045110532,604,0.8667824069658915,0.14519254837777212,0.0,0.949999988079071,47.208333333333336,47.85871495581784,18.0,324.0,1.4775412529706955,0.656978465616703,-0.004629757400834933,0.005794502329081297,0.05134214143419907,0.8667824069658915,0.14519254837777212,0.0,0.949999988079071
190,389120,644.9705572828317,607,0.8883528259762546,0.12689695486547137,0.0,0.9472222328186035,39.56140350877193,41.29526439179264,19.0,324.0,1.4404885321855545,0.6890747398138046,-0.01597784797195345,0.00515371939400211,0.04220996154536742,0.8883528259762546,0.12689695486547137,0.0,0.9472222328186035
191,391168,649.1019347163214,611,0.8940909109332345,0.08091101492601373,0.3861111104488373,0.9555555582046509,38.127272727272725,29.127965035467856,16.0,221.0,1.4362635612487793,0.7153026461601257,-0.013675508787855506,0.004801517818123102,0.05016207334044257,0.8940909109332345,0.08091101492601373,0.3861111104488373,0.9555555582046509
192,393216,645.5836960541759,614,0.9113756626371353,0.030811871886620323,0.7805555462837219,0.9555555582046509,31.904761904761905,11.092274282257652,16.0,79.0,1.420915961265564,0.737554557621479,-0.013287310372106731,0.0035621621645987034,0.037700531923063836,0.9113756626371353,0.030811871886620323,0.7805555462837219,0.9555555582046509
193,395264,645.5564778290619,617,0.9050287337138735,0.05647104371057405,0.6611111164093018,0.9555555582046509,34.189655172413794,20.329574937083,16.0,122.0,1.48854498565197,0.7372385114431381,0.006601425906410441,0.0037122375215403736,0.0435019114947255,0.9050287337138735,0.05647104371057405,0.6611111164093018,0.9555555582046509
194,397312,646.2358724728431,620,0.9046645715551557,0.03260370886284777,0.7861111164093018,0.9444444179534912,34.320754716981135,11.737335342395061,20.0,77.0,1.536560207605362,0.7218108400702477,0.004167124585364945,0.0031323854345828295,0.03449379970424901,0.9046645715551557,0.03260370886284777,0.7861111164093018,0.9444444179534912
195,399360,644.4730122807931,623,0.8584625277408334,0.1507755252338505,0.0,0.949999988079071,50.116279069767444,49.58019545648762,18.0,324.0,1.5721928477287292,0.6910581365227699,0.027984170941635966,0.004864081944106147,0.045961722007457975,0.8584625277408334,0.1507755252338505,0.0,0.949999988079071
196,401408,644.4770255695769,626,0.868819446861744,0.03684347205732519,0.7638888955116272,0.9416666626930237,47.225,13.263648630750138,21.0,85.0,1.606803447008133,0.6756272092461586,0.025146953528746963,0.003191697731381282,0.033394310687298104,0.868819446861744,0.03684347205732519,0.7638888955116272,0.9416666626930237
197,403456,648.8834920440914,630,0.8247685184081396,0.1527235808963705,0.0,0.9277777671813965,62.083333333333336,49.63890443325007,26.0,324.0,1.6493635475635529,0.6519446298480034,0.023575484286993742,0.0044911454897373915,0.04145707248737407,0.8247685184081396,0.1527235808963705,0.0,0.9277777671813965
198,405504,644.6635777615039,633,0.8502923924671976,0.05281158061462697,0.7222222089767456,0.925000011920929,53.89473684210526,19.012169888734853,27.0,100.0,1.618719458580017,0.6292834803462029,0.013820718857459724,0.003465633431915194,0.0383347678889962,0.8502923924671976,0.05281158061462697,0.7222222089767456,0.925000011920929
199,407552,642.0187339353955,636,0.8640313331897442,0.07324756958361228,0.5916666388511658,0.9416666626930237,48.94871794871795,26.369124056072657,21.0,147.0,1.5747961103916168,0.6304737031459808,-0.004172693908913061,0.00468399393139407,0.03645918294188997,0.8640313331897442,0.07324756958361228,0.5916666388511658,0.9416666626930237
200,409600,645.4939961838164,639,0.8662144721940507,0.07295870431573336,0.6638888716697693,0.9472222328186035,48.16279069767442,26.265133163930148,19.0,121.0,1.5361474007368088,0.6299261823296547,-0.009392091480549425,0.005653128668200225,0.04450156861406739,0.8662144721940507,0.07295870431573336,0.6638888716697693,0.9472222328186035
201,411648,647.8128752243324,642,0.874038465321064,0.0844826104951932,0.4611110985279083,0.9361110925674438,45.34615384615385,30.413739693273133,23.0,194.0,1.499635934829712,0.6637380570173264,-0.020898122806102037,0.005336171016097069,0.04095629279342088,0.874038465321064,0.0844826104951932,0.4611110985279083,0.9361110925674438
202,413696,648.2279201814811,646,0.8920479358411303,0.04308241006839072,0.7333333492279053,0.9472222328186035,38.86274509803921,15.509667583248461,19.0,96.0,1.442453309893608,0.699275553226471,-0.01999333198182285,0.004039382067276165,0.035600012307608495,0.8920479358411303,0.04308241006839072,0.7333333492279053,0.9472222328186035
203,415744,647.778336558927,649,0.8908950642303184,0.0366196256351377,0.7861111164093018,0.9472222328186035,39.27777777777778,13.183065268614246,19.0,77.0,1.4697773158550262,0.6983054950833321,-0.016017289541196078,0.003344279044540599,0.03600059994237288,0.8908950642303184,0.0366196256351377,0.7861111164093018,0.9472222328186035
204,417792,647.9981864965051,652,0.8997942407925924,0.030239911953220774,0.8194444179534912,0.949999988079071,36.074074074074076,10.886369071001985,18.0,65.0,1.4807032197713852,0.7156527489423752,-0.012972297379747033,0.003191390016581863,0.03431376770249036,0.8997942407925924,0.030239911953220774,0.8194444179534912,0.949999988079071
205,419840,649.9795880641652,655,0.8936647187199509,0.04553889381784303,0.7277777791023254,0.9555555582046509,38.280701754385966,16.394002311462646,16.0,98.0,1.4854745715856552,0.7346579432487488,-0.012570068007335067,0.002857125044101849,0.027612225755572272,0.8936647187199509,0.04553889381784303,0.7277777791023254,0.9555555582046509
206,421888,648.8684442826248,658,0.9043154780353818,0.02979260035916162,0.800000011920929,0.9472222328186035,34.44642857142857,10.725336562912844,19.0,72.0,1.48769311606884,0.7361747696995735,0.005344209726899862,0.0027285528485663235,0.03246919073484115,0.9043154780353818,0.02979260035916162,0.800000011920929,0.9472222328186035
207,423936,648.03089086443,661,0.8976262623613531,0.0535952593391161,0.5944444537162781,0.9527778029441833,36.85454545454545,19.294293251272922,17.0,146.0,1.4666616320610046,0.723753847181797,-0.0020709635282400995,0.0032510316523257643,0.03148582890577404,0.8976262623613531,0.0535952593391161,0.5944444537162781,0.9527778029441833
208,425984,647.8894889727087,665,0.8946798514511626,0.0636608301920585,0.5111111402511597,0.949999988079071,37.91525423728814,22.91789925563195,18.0,176.0,1.5231768786907196,0.7386046051979065,-0.0025224097771570086,0.003418394480831921,0.031166157430879,0.8946798514511626,0.0636608301920585,0.5111111402511597,0.949999988079071
209,428032,648.8944229403677,668,0.9007337554445807,0.03491258668632382,0.75,0.9444444179534912,35.735849056603776,12.568530547687724,20.0,90.0,1.4919384717941284,0.7211971655488014,0.012134422431699932,0.0029018362693022937,0.03448794044680619,0.9007337554445807,0.03491258668632382,0.75,0.9444444179534912
210,430080,647.7485883837056,671,0.8872222232818604,0.07129316656207729,0.6000000238418579,0.949999988079071,40.6,25.665541100861287,18.0,144.0,1.4808660596609116,0.706946074962616,0.0007635010188096203,0.004354776378022507,0.03578495023184115,0.8872222232818604,0.07129316656207729,0.6000000238418579,0.949999988079071
211,432128,650.1989171191412,674,0.896666664426977,0.0382464985173626,0.7638888955116272,0.9472222328186035,37.2,13.76873929661615,19.0,85.0,1.5096824765205383,0.7192347943782806,-0.005673893625498749,0.003421869652811438,0.032211114651459094,0.896666664426977,0.0382464985173626,0.7638888955116272,0.9472222328186035
212,434176,646.2792907817,677,0.8922101492467134,0.0532133692531544,0.6888889074325562,0.9611111283302307,38.80434782608695,19.156812348542697,14.0,112.0,1.494662955403328,0.7022321075201035,0.005192832351895049,0.0042383607069496065,0.03823523580416693,0.8922101492467134,0.0532133692531544,0.6888889074325562,0.9611111283302307
213,436224,650.6735046231121,680,0.8928051024186806,0.05871778660735726,0.6472222208976746,0.9555555582046509,38.59016393442623,21.138401888490886,16.0,127.0,1.436033472418785,0.7289153635501862,-0.009090359642868862,0.002893625438446179,0.03108023788823397,0.8928051024186806,0.05871778660735726,0.6472222208976746,0.9555555582046509
214,438272,647.58709713217,684,0.9063697344270246,0.0352498582261506,0.8027777671813965,0.9555555582046509,33.706896551724135,12.689947991374165,16.0,71.0,1.4559785723686218,0.7372399568557739,-0.008212006141548045,0.0029759019962511957,0.031133037428790408,0.9063697344270246,0.0352498582261506,0.8027777671813965,0.9555555582046509
215,440320,645.5768063756118,687,0.9013888915379842,0.05487194886667055,0.6888889074325562,0.9527778029441833,35.5,19.75390256801594,17.0,112.0,1.4907553642988205,0.72626993060112,-0.00020726877846755087,0.004574197839247063,0.0335049356631878,0.9013888915379842,0.05487194886667055,0.6888889074325562,0.9527778029441833
216,442368,649.5641151130144,690,0.8994350271709894,0.0698973555880208,0.4555555582046509,0.9555555582046509,36.20338983050848,25.163047739888277,16.0,196.0,1.4426180869340897,0.744658574461937,-0.0034256494836881757,0.0035012216540053487,0.03466833606898244,0.8994350271709894,0.0698973555880208,0.4555555582046509,0.9555555582046509
217,444416,646.451562874403,693,0.9067049828068964,0.03469456394874818,0.8055555820465088,0.9555555582046509,33.58620689655172,12.490043597227436,16.0,70.0,1.4693527072668076,0.746183343231678,0.001853297719208058,0.002978202683152631,0.03542350041805962,0.9067049828068964,0.03469456394874818,0.8055555820465088,0.9555555582046509
218,446464,647.6327967967642,696,0.9022988543428224,0.04509856866021993,0.7111111283302307,0.9472222328186035,35.172413793103445,16.235484690612722,19.0,104.0,1.4931790977716446,0.7452516257762909,0.006668753689154983,0.002876341517549008,0.03295015097945756,0.9022988543428224,0.04509856866021993,0.7111111283302307,0.9472222328186035
219,448512,644.4149460694102,699,0.8913065824243758,0.05018554420378214,0.6638888716697693,0.9416666626930237,39.129629629629626,18.066796121201126,21.0,121.0,1.5150820910930634,0.7258060574531555,0.003263587612309493,0.0035779734316747636,0.032654256322927414,0.8913065824243758,0.05018554420378214,0.6638888716697693,0.9416666626930237
220,450560,644.1884863367632,703,0.8941414161161942,0.04733549648676116,0.6499999761581421,0.9555555582046509,38.10909090909091,17.04077754016975,16.0,126.0,1.540421798825264,0.7169703021645546,0.002855536629795097,0.0032680478179827332,0.035380583021566124,0.8941414161161942,0.04733549648676116,0.6499999761581421,0.9555555582046509
221,452608,648.224006792896,706,0.8999465835782198,0.06932359260579414,0.4749999940395355,0.9583333134651184,36.01923076923077,24.956493208270224,15.0,189.0,1.4715366512537003,0.722507432103157,0.004386121509014629,0.004197736066998914,0.03214880414963978,0.8999465835782198,0.06932359260579414,0.4749999940395355,0.9583333134651184
222,454656,645.819440741668,709,0.8830498870538206,0.07008265712584551,0.6277777552604675,0.9527778029441833,42.10204081632653,25.229756401518557,17.0,134.0,1.5138928443193436,0.6946430578827858,0.009297044511185959,0.004132645146455616,0.03869682031158747,0.8830498870538206,0.07008265712584551,0.6277777552604675,0.9527778029441833
223,456704,647.261137120641,712,0.8917695471534023,0.06605290754278914,0.5888888835906982,0.9583333134651184,38.96296296296296,23.77904692586168,15.0,148.0,1.4719097912311554,0.7016594707965851,-0.00604235177161172,0.004489291924983263,0.03573244112215398,0.8917695471534023,0.06605290754278914,0.5888888835906982,0.9583333134651184
224,458752,647.1490300638799,715,0.9038011724488777,0.046482950048746294,0.7055555582046509,0.9527778029441833,34.63157894736842,16.733862694094867,17.0,106.0,1.376407727599144,0.7202292010188103,-0.017423231853172183,0.003956652391934767,0.03635717571204837,0.9038011724488777,0.046482950048746294,0.7055555582046509,0.9527778029441833
225,460800,648.7145266564418,718,0.908293076183485,0.045976738985271645,0.6722221970558167,0.9583333134651184,33.01449275362319,16.5516256512532,15.0,118.0,1.4343083500862122,0.7474027648568153,-0.027568985940888524,0.0029585947922896594,0.03469572311357921,0.908293076183485,0.045976738985271645,0.6722221970558167,0.9583333134651184
226,462848,648.5136762685673,722,0.9073559663913868,0.038244802540265924,0.7611111402511597,0.9527778029441833,33.351851851851855,13.768129337696301,17.0,86.0,1.488269329071045,0.7328972220420837,0.0072993996072909795,0.00313608004944399,0.036040638020567485,0.9073559663913868,0.038244802540265924,0.7611111402511597,0.9527778029441833
227,464896,647.2477739103362,725,0.8887152795990308,0.06989531004846347,0.6527777910232544,0.9611111283302307,40.0625,25.16231164029516,14.0,125.0,1.5309417843818665,0.7021877467632294,0.026331897475756705,0.004278431908460334,0.040733669652812554,0.8887152795990308,0.06989531004846347,0.6527777910232544,0.9611111283302307
228,466944,643.9477032519457,728,0.8805555555878616,0.10135152616885754,0.3222222328186035,0.9472222328186035,43.0,36.4865494762512,19.0,244.0,1.5774748176336288,0.6726977378129959,0.017869344912469387,0.004864754359005019,0.041661583214387565,0.8805555555878616,0.10135152616885754,0.3222222328186035,0.9472222328186035
229,468992,643.4686047479355,731,0.8371951209335793,0.17034212677419705,0.0,0.9416666626930237,57.73170731707317,57.11478574540576,21.0,324.0,1.6208391040563583,0.6573711782693863,0.020860530668869615,0.006527423742227256,0.04687668778153934,0.8371951209335793,0.17034212677419705,0.0,0.9416666626930237
230,471040,642.6290109632297,734,0.8899154585340748,0.04510885939699377,0.7083333134651184,0.9583333134651184,39.630434782608695,16.239188638508118,15.0,105.0,1.5791045725345612,0.6684784069657326,0.000578956984099932,0.004009125987067819,0.03895951342439946,0.8899154585340748,0.04510885939699377,0.7083333134651184,0.9583333134651184
231,473088,647.3650866190878,738,0.8564814840044294,0.14285046839251694,0.0,0.9611111283302307,50.80952380952381,46.327117480574564,14.0,324.0,1.5447539538145065,0.6591921597719193,0.004129236112930812,0.005390047270338982,0.04173741244686472,0.8564814840044294,0.14285046839251694,0.0,0.9611111283302307
232,475136,643.4577594854935,741,0.8571995484585665,0.13755815948649186,0.0,0.9444444179534912,50.673469387755105,44.99768146185912,20.0,324.0,1.5658546835184097,0.6570962443947792,0.0013194155326345935,0.005721579655073583,0.03863573198036277,0.8571995484585665,0.13755815948649186,0.0,0.9444444179534912
233,477184,647.7384287133547,744,0.8929738565987232,0.04093346085013839,0.75,0.9444444179534912,38.529411764705884,14.73604749355846,20.0,90.0,1.5317776203155518,0.6796742305159569,-0.016767208580859005,0.004505931836320087,0.03618763453316846,0.8929738565987232,0.04093346085013839,0.75,0.9444444179534912
234,479232,646.5802188604143,747,0.8829594013782648,0.05814741691227007,0.6222222447395325,0.9527778029441833,42.13461538461539,20.933069941118603,17.0,136.0,1.4893194735050201,0.7011666521430016,-0.01537956460379064,0.004167022940237075,0.04250240849961291,0.8829594013782648,0.05814741691227007,0.6222222447395325,0.9527778029441833
235,481280,646.927709533121,750,0.9007625252592797,0.03922619824758817,0.7472222447395325,0.9444444179534912,35.72549019607843,14.121431954514467,20.0,91.0,1.4506389796733856,0.7111566066741943,-0.005286977931973524,0.0037892560358159244,0.033803994519471636,0.9007625252592797,0.03922619824758817,0.7472222447395325,0.9444444179534912
236,483328,648.348377822271,753,0.9003086421224806,0.04529907870830918,0.7333333492279053,0.9555555582046509,35.888888888888886,16.307667990039796,16.0,96.0,1.4396597892045975,0.733231820166111,-0.028998722787946463,0.0028521885396912694,0.03248723896242737,0.9003086421224806,0.04529907870830918,0.7333333492279053,0.9555555582046509
237,485376,645.6203302654985,757,0.9072916678019932,0.03711799013980487,0.75,0.949999988079071,33.375,13.362477448865109,18.0,90.0,1.427929699420929,0.7189766243100166,-0.0050499451463110745,0.003406255244044587,0.03992572818757954,0.9072916678019932,0.03711799013980487,0.75,0.949999988079071
238,487424,646.6351224761843,760,0.9108506944030523,0.06516079684693954,0.5722222328186035,0.9583333134651184,32.09375,23.457886966593986,15.0,154.0,1.3881501853466034,0.7447263449430466,-0.013498764368705451,0.0038075297488830984,0.0350849086314223,0.9108506944030523,0.06516079684693954,0.5722222328186035,0.9583333134651184
239,489472,643.528428965083,763,0.9125586857258434,0.05229446478786635,0.5805555582046509,0.9527778029441833,31.47887323943662,18.82600774844457,17.0,151.0,1.3957530707120895,0.7621116042137146,-0.013174103864002973,0.0028497689054347575,0.034016387994646534,0.9125586857258434,0.05229446478786635,0.5805555582046509,0.9527778029441833
240,491520,645.6686161397187,766,0.9140190966427326,0.02972931849015774,0.7861111164093018,0.9583333134651184,30.953125,10.70255472933332,15.0,77.0,1.4651575684547424,0.7804463431239128,-0.001856861636042595,0.0019905814406229183,0.026974419257870343,0.9140190966427326,0.02972931849015774,0.7861111164093018,0.9583333134651184
241,493568,646.2747201586583,769,0.9090828905029903,0.02971716026264777,0.8166666626930237,0.9611111283302307,32.73015873015873,10.69817719113401,14.0,66.0,1.4728249609470367,0.7680857479572296,0.010854502266738564,0.002005026792176068,0.031128670467298978,0.9090828905029903,0.02971716026264777,0.8166666626930237,0.9611111283302307
242,495616,630.6639203087296,773,0.8961805577079455,0.043691632612517496,0.7472222447395325,0.9472222328186035,37.375,15.728987305820635,19.0,91.0,1.5198843777179718,0.7292266860604286,0.017345506232231855,0.002850637276424095,0.03280448928610073,0.8961805577079455,0.043691632612517496,0.7472222447395325,0.9472222328186035
243,497664,649.760947571986,776,0.8925099255783218,0.04820098573728502,0.6805555820465088,0.9444444179534912,38.69642857142857,17.35235640940975,20.0,115.0,1.4926571547985077,0.731073796749115,0.00518114933220204,0.0027184379869140685,0.028326468555205653,0.8925099255783218,0.04820098573728502,0.6805555820465088,0.9444444179534912
244,499712,647.277622424942,779,0.8988095277122089,0.03755821993273462,0.7888888716697693,0.949999988079071,36.42857142857143,13.52095878740159,18.0,76.0,1.468593955039978,0.7270810008049011,-0.005789662624010816,0.002882190572563559,0.02827082325303212,0.8988095277122089,0.03755821993273462,0.7888888716697693,0.949999988079071
245,501760,644.9014589824159,782,0.8864850401878357,0.07113545623869114,0.5361111164093018,0.9527778029441833,40.86538461538461,25.608764159465956,17.0,167.0,1.42820343375206,0.7230698019266129,0.009762413945281878,0.0035738068108912557,0.037889143813493384,0.8864850401878357,0.07113545623869114,0.5361111164093018,0.9527778029441833
246,503808,647.2019335135467,785,0.9114899012175474,0.03238293846691107,0.800000011920929,0.949999988079071,31.863636363636363,11.65785775273142,18.0,72.0,1.3814698159694672,0.7416532561182976,-0.022912274580448866,0.0026851892471313477,0.030374365541214046,0.9114899012175474,0.03238293846691107,0.800000011920929,0.949999988079071
247,505856,647.933178647852,788,0.9113281257450581,0.040751833232301034,0.6583333611488342,0.9555555582046509,31.921875,14.670660226601084,16.0,123.0,1.4713529348373413,0.7577819749712944,-0.015256491606123745,0.002329398092115298,0.0271166292307312,0.9113281257450581,0.040751833232301034,0.6583333611488342,0.9555555582046509
248,507904,646.4562819510064,792,0.9027777763835171,0.045900843057322414,0.730555534362793,0.9583333134651184,35.0,16.524304269134824,15.0,97.0,1.5265019983053207,0.7530077770352364,0.009708048775792122,0.0025482142227701843,0.028168326917741227,0.9027777763835171,0.045900843057322414,0.730555534362793,0.9583333134651184
249,509952,649.9030201124954,795,0.9008080807599155,0.03020540047342447,0.8277778029441833,0.9555555582046509,35.70909090909091,10.873943379846116,16.0,62.0,1.5457106828689575,0.7340545356273651,0.011457925196737051,0.0022245542204473168,0.02467084261970543,0.9008080807599155,0.03020540047342447,0.8277778029441833,0.9555555582046509
250,512000,651.19410060654,798,0.8892557677232994,0.06838295691710651,0.5833333134651184,0.9527778029441833,39.867924528301884,24.617862617281798,17.0,150.0,1.5227649360895157,0.7225984707474709,0.006280417932430282,0.0031276983791030943,0.02886098669089665,0.8892557677232994,0.06838295691710651,0.5833333134651184,0.9527778029441833
251,514048,648.5253781086516,801,0.8998015852911132,0.034781131089011215,0.7944444417953491,0.9527778029441833,36.07142857142857,12.521206501168248,17.0,74.0,1.4729108363389969,0.7276426181197166,-0.0008349686177098192,0.0033244863152503967,0.029461384384912255,0.8998015852911132,0.034781131089011215,0.7944444417953491,0.9527778029441833
252,516096,647.3919208641383,804,0.9017304191823865,0.049542954983427694,0.6916666626930237,0.9527778029441833,35.377049180327866,17.83546286349077,17.0,111.0,1.4301319271326065,0.7384565696120262,-0.008854652784066275,0.0028508839895948768,0.025310627403967403,0.9017304191823865,0.049542954983427694,0.6916666626930237,0.9527778029441833
253,518144,647.8724349826024,807,0.9088512214563661,0.03824279469537374,0.7027778029441833,0.9527778029441833,32.813559322033896,13.767407564971709,17.0,107.0,1.4489891827106476,0.7411237880587578,-0.004516826185863465,0.002785054122796282,0.028900829417069358,0.9088512214563661,0.03824279469537374,0.7027778029441833,0.9527778029441833
254,520192,644.3887447609259,811,0.8974658920053851,0.04914881102796288,0.7055555582046509,0.9555555582046509,36.91228070175438,17.69357173561381,16.0,106.0,1.4877149909734726,0.7300121113657951,0.004950828850269318,0.003297777526313439,0.02992924132636729,0.8974658920053851,0.04914881102796288,0.7055555582046509,0.9555555582046509
255,522240,649.170219017643,814,0.9001462030829045,0.04967247692229727,0.5916666388511658,0.9444444179534912,35.94736842105263,17.88209047459102,20.0,147.0,1.4727733880281448,0.7310353592038155,-0.005492903685080819,0.002919049351476133,0.031409464823285896,0.9001462030829045,0.04967247692229727,0.5916666388511658,0.9444444179534912
256,524288,647.256503828299,817,0.9056899614872471,0.034044197217472275,0.7833333611488342,0.949999988079071,33.95161290322581,12.255910252128178,18.0,78.0,1.4232625216245651,0.7487580925226212,-0.009400076349265873,0.002546166389947757,0.026104922561014408,0.9056899614872471,0.034044197217472275,0.7833333611488342,0.949999988079071
257,526336,650.0013274051348,820,0.9111545095220208,0.03246663793276739,0.7250000238418579,0.949999988079071,31.984375,11.687990882071007,18.0,99.0,1.4077610671520233,0.7670747935771942,-0.00922780967084691,0.002302976034116,0.02780995112329751,0.9111545095220208,0.03246663793276739,0.7250000238418579,0.949999988079071
258,528384,649.6763234968009,823,0.9175781263038516,0.02997416618473361,0.7277777791023254,0.949999988079071,29.671875,10.79070011557985,18.0,98.0,1.4428697675466537,0.7730570808053017,-0.00779575522756204,0.0018731590680545196,0.023666229009404814,0.9175781263038516,0.02997416618473361,0.7277777791023254,0.949999988079071
259,530432,650.9262502520559,826,0.9040170944654025,0.03552292813214935,0.7888888716697693,0.9527778029441833,34.55384615384615,12.788252745548302,17.0,76.0,1.4527275562286377,0.7619651034474373,0.004509002195845824,0.001986291230423376,0.024051034156294653,0.9040170944654025,0.03552292813214935,0.7888888716697693,0.9527778029441833
260,532480,648.5293930632195,830,0.9032242063965116,0.03808616320250257,0.7916666865348816,0.9555555582046509,34.839285714285715,13.711018491024818,16.0,75.0,1.4422230869531631,0.7570315003395081,0.0072934277704916894,0.0022827138600405306,0.023793339807072406,0.9032242063965116,0.03808616320250257,0.7916666865348816,0.9555555582046509
261,534528,648.6349748302795,833,0.9025205738014646,0.036151715369808234,0.7916666865348816,0.9416666626930237,35.092592592592595,13.014619299106904,21.0,75.0,1.5205594301223755,0.7320374473929405,0.011209799675270915,0.00280283679603599,0.03267415627509132,0.9025205738014646,0.036151715369808234,0.7916666865348816,0.9416666626930237
262,536576,651.949738618533,836,0.8955743883625936,0.07347550424167797,0.4749999940395355,0.949999988079071,37.59322033898305,26.451182181179714,18.0,189.0,1.4796324521303177,0.7321989461779594,-0.002635085635120049,0.0033048918121494353,0.029106290961590335,0.8955743883625936,0.07347550424167797,0.4749999940395355,0.949999988079071
263,538624,647.6496916817171,839,0.902132939015116,0.03893842784644365,0.7611111402511597,0.9583333134651184,35.232142857142854,14.017834394886002,15.0,86.0,1.4744863957166672,0.7402766272425652,0.004258008921169676,0.003056468442082405,0.030355900123319415,0.902132939015116,0.03893842784644365,0.7611111402511597,0.9583333134651184
264,540672,642.5833898185141,842,0.8983430778771117,0.05139873045278037,0.6944444179534912,0.949999988079071,36.59649122807018,18.503541291333896,18.0,110.0,1.5014013051986694,0.722614236176014,0.0015812054261914454,0.0034337877004873008,0.033456082564434095,0.8983430778771117,0.05139873045278037,0.6944444179534912,0.949999988079071
265,542720,650.2916525005721,845,0.8911425572521282,0.0604188331278405,0.6166666746139526,0.949999988079071,39.18867924528302,21.750781034576605,18.0,138.0,1.4577987641096115,0.7245279103517532,-0.00042642158587113954,0.003772928612306714,0.03580176265799097,0.8911425572521282,0.0604188331278405,0.6166666746139526,0.949999988079071
266,544768,649.3357405050177,849,0.9150985671627906,0.028740578954617832,0.8222222328186035,0.9527778029441833,30.56451612903226,10.346607621921203,17.0,64.0,1.440009981393814,0.742355689406395,-0.00456822677369928,0.002707762032514438,0.030111486971088557,0.9150985671627906,0.028740578954617832,0.8222222328186035,0.9527778029441833
267,546816,649.3986244740322,852,0.898240743080775,0.061922158197379944,0.6027777791023254,0.9472222328186035,36.63333333333333,22.291976633358967,19.0,143.0,1.4181258380413055,0.7574259266257286,-0.0012165850785095245,0.002984954946441576,0.029090821759556747,0.898240743080775,0.061922158197379944,0.6027777791023254,0.9472222328186035
268,548864,651.6360811597299,855,0.9139730641336152,0.03915842343877793,0.6888889074325562,0.949999988079071,30.96969696969697,14.097033533819348,18.0,112.0,1.3925534933805466,0.7608696669340134,-0.007045403137453832,0.0024371990584768355,0.0270686488407626,0.9139730641336152,0.03915842343877793,0.6888889074325562,0.949999988079071
269,550912,650.6833622633349,858,0.9073917158579422,0.0295198129435557,0.8388888835906982,0.9527778029441833,33.33898305084746,10.62713216012981,17.0,58.0,1.4573764353990555,0.7545655965805054,0.0019345125401741825,0.002364009589655325,0.027547827060794283,0.9073917158579422,0.0295198129435557,0.8388888835906982,0.9527778029441833
270,552960,648.7913538339367,861,0.8968253987176078,0.04325487635813492,0.7194444537162781,0.9472222328186035,37.142857142857146,15.571756221978776,19.0,101.0,1.4580660611391068,0.7359884008765221,0.01066106732469052,0.0027617522864602506,0.026969685445810215,0.8968253987176078,0.04325487635813492,0.7194444537162781,0.9472222328186035
271,555008,649.9326222809494,864,0.8972222229890656,0.043589483761271,0.7194444537162781,0.949999988079071,37.0,15.69221507739069,18.0,101.0,1.45939801633358,0.7371149510145187,-0.00022894203721079975,0.0026999276597052813,0.027190592957422762,0.8972222229890656,0.043589483761271,0.7194444537162781,0.949999988079071
272,557056,649.7029565718295,868,0.9021072798761828,0.04091047568132224,0.7472222447395325,0.9527778029441833,35.241379310344826,14.727771497070314,17.0,91.0,1.4371981918811798,0.737993523478508,-0.003367027617059648,0.0029253803368192166,0.02885356925318533,0.9021072798761828,0.04091047568132224,0.7472222447395325,0.9527778029441833
273,559104,647.8710667930742,871,0.9002873589252604,0.0429672179698533,0.7388888597488403,0.9472222328186035,35.89655172413793,15.468198360610284,19.0,94.0,1.4765019714832306,0.7385827898979187,-0.0008788343839114532,0.003017547889612615,0.03041514367977012,0.9002873589252604,0.0429672179698533,0.7388888597488403,0.9472222328186035
274,561152,649.6061641515096,874,0.9078625228445408,0.03340839417115141,0.7805555462837219,0.949999988079071,33.16949152542373,12.027021190822957,18.0,79.0,1.4880682975053787,0.747522696852684,-0.007238250342197716,0.002516088483389467,0.02448921307423648,0.9078625228445408,0.03340839417115141,0.7805555462837219,0.949999988079071
275,563200,647.1615603297038,877,0.9065913345854161,0.0509506301275318,0.5916666388511658,0.9527778029441833,33.6271186440678,18.34222534701934,17.0,147.0,1.4890025854110718,0.7410333156585693,0.0050301008523092605,0.003497876285109669,0.040590277776730285,0.9065913345854161,0.0509506301275318,0.5916666388511658,0.9527778029441833
276,565248,651.3719667844782,880,0.9005291036197117,0.047618314773954,0.6194444298744202,0.9388889074325562,35.80952380952381,17.142592590551274,22.0,137.0,1.4901325106620789,0.7567682191729546,-0.005450585624203086,0.0024661126954015344,0.027707112206859213,0.9005291036197117,0.047618314773954,0.6194444298744202,0.9388889074325562
277,567296,651.6555584973421,883,0.8934397190175158,0.03429189658386336,0.7611111402511597,0.9388889074325562,38.361702127659576,12.345083493620589,22.0,86.0,1.5010943114757538,0.7348797917366028,0.020945696625858545,0.0021590311371255666,0.03303141172353331,0.8934397190175158,0.03429189658386336,0.7611111402511597,0.9388889074325562
278,569344,652.8818562902605,887,0.8898846979411144,0.041169622817180986,0.6833333373069763,0.9305555820465088,39.64150943396226,14.82106397477086,25.0,114.0,1.5245403200387955,0.7176436632871628,-0.0021157904775463976,0.0026402111689094454,0.030259214957272327,0.8898846979411144,0.041169622817180986,0.6833333373069763,0.9305555820465088
279,571392,647.3170344847023,890,0.8953878373469947,0.039324246237729704,0.699999988079071,0.949999988079071,37.660377358490564,14.156728377282889,18.0,108.0,1.5006270110607147,0.7155755683779716,-0.00128731424047146,0.0027425325533840805,0.031137369997319114,0.8953878373469947,0.039324246237729704,0.699999988079071,0.949999988079071
280,573440,646.5644503964622,893,0.8911306084248057,0.05422490069058705,0.6499999761581421,0.9527778029441833,39.19298245614035,19.52096362707325,17.0,126.0,1.451010912656784,0.7323640584945679,-0.00785569689469412,0.0026522700500208884,0.028726797500841547,0.8911306084248057,0.05422490069058705,0.6499999761581421,0.9527778029441833
281,575488,649.257950106981,896,0.9047892710258221,0.04314365859999502,0.75,0.949999988079071,34.275862068965516,15.531717385611042,18.0,90.0,1.430911809206009,0.7369224727153778,-0.010889623314142227,0.002677177981240675,0.027788151979994513,0.9047892710258221,0.04314365859999502,0.75,0.949999988079071
282,577536,648.910109174858,899,0.9070340491110279,0.035498376416297654,0.7916666865348816,0.949999988079071,33.46774193548387,12.779416087846343,18.0,75.0,1.4644061923027039,0.7464757189154625,-0.0016039414731494617,0.0027653638971969485,0.03130767229866199,0.9070340491110279,0.035498376416297654,0.7916666865348816,0.949999988079071
283,579584,647.1161708933066,902,0.8976359380052444,0.044069707466006594,0.7777777910232544,0.9472222328186035,36.851063829787236,15.865094461506414,19.0,80.0,1.5111927092075348,0.715944230556488,0.019659527693875134,0.002782544499495998,0.041637987032696874,0.8976359380052444,0.044069707466006594,0.7777777910232544,0.9472222328186035
284,581632,646.9975351390501,906,0.8781818151473999,0.08863033400859167,0.4416666626930237,0.949999988079071,43.85454545454545,31.906920413100572,18.0,201.0,1.4990499764680862,0.715731292963028,0.004643805688829161,0.004369416361441836,0.036184733248795335,0.8781818151473999,0.08863033400859167,0.4416666626930237,0.949999988079071
285,583680,651.9024876985671,909,0.8986111092567444,0.04883914498915441,0.7194444537162781,0.9416666626930237,36.5,17.582093163215806,21.0,101.0,1.4935551881790161,0.7105942368507385,0.002213773266703356,0.00408048220560886,0.032688430885780016,0.8986111092567444,0.04883914498915441,0.7194444537162781,0.9416666626930237
286,585728,652.1846104974278,912,0.8961864426984625,0.0418433123626307,0.7416666746139526,0.9416666626930237,37.3728813559322,15.063592099895207,21.0,93.0,1.4558589905500412,0.7249820381402969,-0.01837873994372785,0.0030115696717984974,0.0364027380118285,0.8961864426984625,0.0418433123626307,0.7416666746139526,0.9416666626930237
287,587776,651.2635170999674,915,0.9089065231974163,0.036133686839167296,0.769444465637207,0.9583333134651184,32.79365079365079,13.008127776855796,15.0,83.0,1.4355372935533524,0.7478138506412506,-0.017005107016302645,0.002634206844959408,0.03039792104706243,0.9089065231974163,0.036133686839167296,0.769444465637207,0.9583333134651184
