update,frames,FPS,duration,rreturn_mean,rreturn_std,rreturn_min,rreturn_max,num_frames_mean,num_frames_std,num_frames_min,num_frames_max,entropy,value,policy_loss,value_loss,grad_norm,return_mean,return_std,return_min,return_max
1,2048,676.6681921619958,3,0.0,0.0,0,0,0.0,0.0,0,0,1.8890037834644318,0.5277115553617477,0.09069524612277746,0.0011328802866046317,0.046790230577068395,0.0,0.0,0,0
update,frames,FPS,duration,rreturn_mean,rreturn_std,rreturn_min,rreturn_max,num_frames_mean,num_frames_std,num_frames_min,num_frames_max,entropy,value,policy_loss,value_loss,grad_norm,return_mean,return_std,return_min,return_max
2,4096,670.4607116397549,6,0.0,0.0,0,0,0.0,0.0,0,0,1.9073353558778763,0.4297760874032974,0.07642180100083351,0.0004990383567928802,0.06337546106015689,0.0,0.0,0,0
update,frames,FPS,duration,rreturn_mean,rreturn_std,rreturn_min,rreturn_max,num_frames_mean,num_frames_std,num_frames_min,num_frames_max,entropy,value,policy_loss,value_loss,grad_norm,return_mean,return_std,return_min,return_max
3,6144,669.1310657017708,9,0.0,0.0,0.0,0.0,324.0,0.0,324.0,324.0,1.8973122239112854,0.3369554132223129,0.11189806461334229,0.008096685400232673,0.10415037766288815,0.0,0.0,0.0,0.0
update,frames,FPS,duration,rreturn_mean,rreturn_std,rreturn_min,rreturn_max,num_frames_mean,num_frames_std,num_frames_min,num_frames_max,entropy,value,policy_loss,value_loss,grad_norm,return_mean,return_std,return_min,return_max
4,8192,675.6505480440751,12,0.0,0.0,0.0,0.0,324.0,0.0,324.0,324.0,1.9292409718036652,0.2760990262031555,0.04819564335048199,0.0003262057016399922,0.04726602035287454,0.0,0.0,0.0,0.0
update,frames,FPS,duration,rreturn_mean,rreturn_std,rreturn_min,rreturn_max,num_frames_mean,num_frames_std,num_frames_min,num_frames_max,entropy,value,policy_loss,value_loss,grad_norm,return_mean,return_std,return_min,return_max
5,10240,661.955668668552,15,0.0,0.0,0.0,0.0,324.0,0.0,324.0,324.0,1.9285092800855637,0.22953303158283234,0.04038519924506545,0.00016533977031940594,0.040597051995061945,0.0,0.0,0.0,0.0
update,frames,FPS,duration,rreturn_mean,rreturn_std,rreturn_min,rreturn_max,num_frames_mean,num_frames_std,num_frames_min,num_frames_max,entropy,value,policy_loss,value_loss,grad_norm,return_mean,return_std,return_min,return_max
6,12288,670.0768762665934,18,0.0,0.0,0.0,0.0,324.0,0.0,324.0,324.0,1.9398802667856216,0.19035550579428673,0.04557796847075224,0.0017549145850352943,0.04027128202348961,0.0,0.0,0.0,0.0
update,frames,FPS,duration,rreturn_mean,rreturn_std,rreturn_min,rreturn_max,num_frames_mean,num_frames_std,num_frames_min,num_frames_max,entropy,value,policy_loss,value_loss,grad_norm,return_mean,return_std,return_min,return_max
7,14336,665.3186638874362,21,0.0,0.0,0.0,0.0,324.0,0.0,324.0,324.0,1.9344560652971268,0.16644727066159248,0.029063741443678737,0.000102541287560598,0.025537009032234218,0.0,0.0,0.0,0.0
update,frames,FPS,duration,rreturn_mean,rreturn_std,rreturn_min,rreturn_max,num_frames_mean,num_frames_std,num_frames_min,num_frames_max,entropy,value,policy_loss,value_loss,grad_norm,return_mean,return_std,return_min,return_max
8,16384,672.1915593069191,24,0.0,0.0,0.0,0.0,324.0,0.0,324.0,324.0,1.9373546689748764,0.12348761595785618,0.04446798237040639,0.001222294187755324,0.04454262780059555,0.0,0.0,0.0,0.0
update,frames,FPS,duration,rreturn_mean,rreturn_std,rreturn_min,rreturn_max,num_frames_mean,num_frames_std,num_frames_min,num_frames_max,entropy,value,policy_loss,value_loss,grad_norm,return_mean,return_std,return_min,return_max
9,18432,670.8248171773695,27,0.0,0.0,0.0,0.0,324.0,0.0,324.0,324.0,1.934258684515953,0.1155978599563241,0.020974520361050963,5.080997379991459e-05,0.01816729340948471,0.0,0.0,0.0,0.0
update,frames,FPS,duration,rreturn_mean,rreturn_std,rreturn_min,rreturn_max,num_frames_mean,num_frames_std,num_frames_min,num_frames_max,entropy,value,policy_loss,value_loss,grad_norm,return_mean,return_std,return_min,return_max
10,20480,669.5674664122447,30,0.02864583395421505,0.11094483784289784,0.0,0.4583333432674408,315.9375,31.225928228797297,195.0,324.0,1.9336186796426773,0.10129568912088871,0.015691163600422442,0.0004272785263310652,0.017693814668906745,0.02864583395421505,0.11094483784289784,0.0,0.4583333432674408
11,22528,673.5415942937184,33,0.02864583395421505,0.11094483784289784,0.0,0.4583333432674408,315.9375,31.225928228797297,195.0,324.0,1.9365459978580475,0.08301773946732283,0.022307293955236673,0.00042082086292793974,0.02380731252534251,0.02864583395421505,0.11094483784289784,0.0,0.4583333432674408
12,24576,668.9822865536963,36,0.0,0.0,0.0,0.0,324.0,0.0,324.0,324.0,1.9402567446231842,0.0691272784024477,0.012528566177934408,5.8419417655386496e-05,0.016482459265883962,0.0,0.0,0.0,0.0
13,26624,673.7746320429104,39,0.0,0.0,0.0,0.0,324.0,0.0,324.0,324.0,1.939218431711197,0.05304802255704999,0.017646130174398422,0.00019553632773749996,0.016108316698613605,0.0,0.0,0.0,0.0
14,28672,671.9691821165344,42,0.01128472201526165,0.04370554043168857,0.0,0.1805555522441864,322.1875,7.019782315000943,295.0,324.0,1.942903995513916,0.04603988816961646,0.007178749714512378,7.154668946895981e-05,0.0074385659703835256,0.01128472201526165,0.04370554043168857,0.0,0.1805555522441864
15,30720,667.0004483457409,45,0.026388888247311115,0.07064926888160099,0.0,0.24166665971279144,319.0,13.788582233137676,273.0,324.0,1.9423703104257584,0.04144209064543247,0.004861046501901001,0.00014208666971171624,0.010717910196316415,0.026388888247311115,0.07064926888160099,0.0,0.24166665971279144
16,32768,677.6578445567291,49,0.043576388619840145,0.07844897997094454,0.0,0.24166665971279144,317.3125,13.909164020529774,273.0,324.0,1.944173976778984,0.03340819547884166,0.00818508374504745,8.998829025586019e-05,0.01137208654404983,0.043576388619840145,0.07844897997094454,0.0,0.24166665971279144
17,34816,666.3473702272797,52,0.05086805485188961,0.13389536393533247,0.0,0.5388888716697693,312.4375,38.073889921440916,166.0,324.0,1.9396352618932724,0.02954178280197084,0.0005270285182632506,0.0009159573837678181,0.01052066506673861,0.05086805485188961,0.13389536393533247,0.0,0.5388888716697693
18,36864,669.4100941888215,55,0.03368055447936058,0.13044422658959512,0.0,0.5388888716697693,314.125,38.24571054379824,166.0,324.0,1.942995846271515,0.019516682252287865,0.006143704114947468,4.734531330541358e-05,0.007566080366501072,0.03368055447936058,0.13044422658959512,0.0,0.5388888716697693
19,38912,665.3809708423811,58,0.04479166492819786,0.17347737231581314,0.0,0.7166666388511658,310.125,53.73764392862791,102.0,324.0,1.9372607171535492,0.02242685214150697,-0.0031148404013947584,0.0013260017403808888,0.03344472064868832,0.04479166492819786,0.17347737231581314,0.0,0.7166666388511658
20,40960,665.9346182118923,61,0.04479166492819786,0.17347737231581314,0.0,0.7166666388511658,310.125,53.73764392862791,102.0,324.0,1.938074305653572,0.02572937891818583,0.004837600456085056,0.00013862642299500294,0.013694295045537073,0.04479166492819786,0.17347737231581314,0.0,0.7166666388511658
21,43008,673.6789883413435,64,0.0460069440305233,0.17818412804011347,0.0,0.7361111044883728,309.6875,55.432074142593656,95.0,324.0,1.9295999854803085,0.029413752490654588,-0.0030354557384271175,0.001489887847128557,0.022212112066062217,0.0460069440305233,0.17818412804011347,0.0,0.7361111044883728
22,45056,667.7421043753377,67,0.08020833134651184,0.21482226205974,0.0,0.7361111044883728,299.625,65.60094797333343,95.0,324.0,1.9294230937957764,0.03611815068870783,0.0019028273745789193,0.0011562422587303445,0.02167417277934834,0.08020833134651184,0.21482226205974,0.0,0.7361111044883728
23,47104,668.6798774632848,70,0.07673611119389534,0.1658425062141352,0.0,0.5472221970558167,303.125,46.32342145178829,163.0,324.0,1.9329449981451035,0.029226560378447175,-7.808625196048524e-05,0.0006357284328259993,0.019955321729094685,0.07673611119389534,0.1658425062141352,0.0,0.5472221970558167
24,49152,674.9034261627245,73,0.17656250298023224,0.28461544666445593,0.0,0.8055555820465088,271.6875,87.35253198247891,70.0,324.0,1.9278081357479095,0.044881177600473166,-0.013939237222075462,0.002994199385284446,0.04253302630957121,0.17656250298023224,0.28461544666445593,0.0,0.8055555820465088
25,51200,672.6004671907457,76,0.18854166753590107,0.2941787924444938,0.0,0.8055555820465088,267.375,90.19068341574976,70.0,324.0,1.9347978085279465,0.026482014684006572,-0.0031645179515180644,0.001016885435092263,0.04328280268728875,0.18854166753590107,0.2941787924444938,0.0,0.8055555820465088
26,53248,670.2767672656495,79,0.13350694254040718,0.2118145878485979,0.0,0.5833333134651184,287.1875,60.94179472045437,150.0,324.0,1.9306958317756653,0.024665162665769458,-0.0012037324559059925,0.0008023982845770661,0.033649814999467675,0.13350694254040718,0.2118145878485979,0.0,0.5833333134651184
27,55296,668.8549258192193,82,0.09322916809469461,0.16835364496844396,0.0,0.5333333611488342,301.6875,47.85749516794626,168.0,324.0,1.9280127435922623,0.024924869881942868,-0.003060911622014828,0.0009815550802159123,0.0292705149302257,0.09322916809469461,0.16835364496844396,0.0,0.5333333611488342
28,57344,661.8666655982203,85,0.08038194663822651,0.1364666218631084,0.0,0.5333333611488342,308.5625,37.618095296678696,168.0,324.0,1.928799331188202,0.029033418744802475,0.003487240450340323,0.0005391274389694445,0.017273348737031402,0.08038194663822651,0.1364666218631084,0.0,0.5333333611488342
29,59392,671.1782527839068,88,0.10503472574055195,0.1553918434316466,0.0,0.5333333611488342,301.9375,43.78280020453237,168.0,324.0,1.9323448240756989,0.031477301148697734,-0.0017574569501448423,0.0006242054878384806,0.03120301282271544,0.10503472574055195,0.1553918434316466,0.0,0.5333333611488342
30,61440,667.6206635997852,91,0.11597222555428743,0.1626824173173928,0.0,0.519444465637207,298.0,45.36518488885502,173.0,324.0,1.9270967841148376,0.03600245667621493,0.0005397917484515347,0.0008868177465046756,0.019373514653818678,0.11597222555428743,0.1626824173173928,0.0,0.519444465637207
31,63488,669.9047926242843,95,0.1180555559694767,0.18706740160774862,0.0,0.5694444179534912,295.0,54.09713485943595,155.0,324.0,1.9311450868844986,0.03044918505474925,0.00294750151806511,0.0005569355907937279,0.02555015772439224,0.1180555559694767,0.18706740160774862,0.0,0.5694444179534912
32,65536,663.7833926157979,98,0.17152777640148997,0.2965115135571409,0.0,0.8722222447395325,273.5,92.82308441330744,46.0,324.0,1.9209081381559372,0.04278289061039686,-0.012324278592132032,0.0034266954608028755,0.05700594381143985,0.17152777640148997,0.2965115135571409,0.0,0.8722222447395325
33,67584,663.5621346469749,101,0.2663194425404072,0.377738040391485,0.0,0.8777777552604675,241.625,120.33903928069228,44.0,324.0,1.9114140719175339,0.056764856446534395,-0.011393989589123521,0.004423257254529744,0.08101742762919861,0.2663194425404072,0.377738040391485,0.0,0.8777777552604675
34,69632,665.6955181611103,104,0.19826388638466597,0.31287303616361395,0.0,0.8777777552604675,266.125,98.88558729663286,44.0,324.0,1.9170066565275192,0.03443729202263057,0.001048835678375326,0.0007412595186906401,0.02057936645648109,0.19826388638466597,0.31287303616361395,0.0,0.8777777552604675
35,71680,664.9413610145085,107,0.280381946824491,0.31191530347606633,0.0,0.894444465637207,243.3125,98.7336814048276,38.0,324.0,1.8763167411088943,0.07775850966572762,-0.022226043744012713,0.004532106453552842,0.06981394069548275,0.280381946824491,0.31191530347606633,0.0,0.894444465637207
36,73728,670.3233716070864,110,0.3916666693985462,0.3468345092867916,0.0,0.8777777552604675,207.75,112.6768055102735,44.0,324.0,1.8638398945331573,0.10247272904962301,-0.027884808368980885,0.006834032537881285,0.08005053783664001,0.3916666693985462,0.3468345092867916,0.0,0.8777777552604675
37,75776,665.9805690354978,113,0.6548611093312502,0.27006925479945265,0.0,0.8777777552604675,119.75,86.44470776166693,44.0,324.0,1.8463560342788696,0.11958315782248974,-0.02944872761145234,0.005433899554191157,0.1247644837219771,0.6548611093312502,0.27006925479945265,0.0,0.8777777552604675
38,77824,664.513281083677,116,0.43038194440305233,0.3521586162532644,0.0,0.9388889074325562,193.8125,113.42300182833286,22.0,324.0,1.8309501856565475,0.12525840289890766,-0.028717018198221922,0.0054849665611982346,0.08604607103895857,0.43038194440305233,0.3521586162532644,0.0,0.9388889074325562
39,79872,665.9691581829898,119,0.5859375,0.31252078415231394,0.0,0.8888888955116272,142.3125,100.03856678176672,40.0,324.0,1.8185651451349258,0.15549449250102043,-0.03219214966520667,0.004891722113825381,0.07837742794230945,0.5859375,0.31252078415231394,0.0,0.8888888955116272
40,81920,662.3009924181765,122,0.7549019666279063,0.20483562656708404,0.0,0.9277777671813965,86.11764705882354,66.01860909928992,26.0,324.0,1.7823687046766281,0.20711538940668106,-0.04823393374681473,0.0035577793896663934,0.06295229530002522,0.7549019666279063,0.20483562656708404,0.0,0.9277777671813965
41,83968,664.5579048642915,125,0.7215020612434104,0.3456169433677096,0.0,0.9388889074325562,93.5925925925926,110.51336747007014,22.0,324.0,1.7042993009090424,0.28568725287914276,-0.05773272877559066,0.0043146960088051856,0.08011569966356585,0.7215020612434104,0.3456169433677096,0.0,0.9388889074325562
42,86016,667.0638995392565,128,0.8052867352962494,0.2317839359788969,0.0,0.9472222328186035,67.7741935483871,75.45975628040435,19.0,324.0,1.6950714886188507,0.33800096437335014,-0.0382279553450644,0.005244582891464233,0.10176810533042921,0.8052867352962494,0.2317839359788969,0.0,0.9472222328186035
43,88064,662.8932595589512,132,0.7750925913453102,0.25908838648668503,0.0,0.9472222328186035,78.56666666666666,86.26072236088811,19.0,324.0,1.6766837388277054,0.36632227525115013,-0.031568254344165325,0.005668926110956818,0.10907214494103411,0.7750925913453102,0.25908838648668503,0.0,0.9472222328186035
44,90112,664.0830309567871,135,0.8404882143844258,0.20003393720139348,0.0,0.9472222328186035,56.333333333333336,67.55499069407654,19.0,324.0,1.6423194706439972,0.39206187427043915,-0.01962672104127705,0.005579032702371478,0.11065590528914929,0.8404882143844258,0.20003393720139348,0.0,0.9472222328186035
45,92160,670.8185307259873,138,0.8212532227815583,0.2537621592244692,0.0,0.9472222328186035,61.83720930232558,83.33427509833811,19.0,324.0,1.5911978036165237,0.4419841356575489,-0.01742392755113542,0.0036447278689593077,0.0728162056553696,0.8212532227815583,0.2537621592244692,0.0,0.9472222328186035
46,94208,674.1071125904784,141,0.886382116050255,0.1491870548751652,0.0,0.9583333134651184,40.02439024390244,48.527833504373525,15.0,324.0,1.5937757790088654,0.4615623205900192,-0.01639922324102372,0.00514691649004817,0.07235193075228087,0.886382116050255,0.1491870548751652,0.0,0.9583333134651184
47,96256,666.8181904419307,144,0.8446078440722298,0.1901437835603002,0.0,0.949999988079071,54.88235294117647,63.865098959070785,18.0,324.0,1.6122102290391922,0.47514546290040016,0.011154396983329207,0.0046847051999066025,0.0615743987677036,0.8446078440722298,0.1901437835603002,0.0,0.949999988079071
48,98304,670.3065807439976,147,0.8409722194075584,0.19491089899403102,0.0,0.9527778029441833,56.35,66.40916728886155,17.0,324.0,1.5913486778736115,0.49098528549075127,-0.006662626925390214,0.007119501184206456,0.08675166384811756,0.8409722194075584,0.19491089899403102,0.0,0.9527778029441833
49,100352,676.3012849900991,150,0.8507850241401921,0.18420563937483486,0.0,0.9472222328186035,52.93478260869565,62.81491174869403,19.0,324.0,1.5517058670520782,0.5378468334674835,-0.027785909362137318,0.009386830846779048,0.10090098383597504,0.8507850241401921,0.18420563937483486,0.0,0.9472222328186035
50,102400,670.609363870259,153,0.8759456238848098,0.14827755984695,0.0,0.949999988079071,43.8936170212766,48.92166297453259,18.0,324.0,1.5526077598333359,0.5316688530147076,-0.02919836062937975,0.007061413547489792,0.11844082679867526,0.8759456238848098,0.14827755984695,0.0,0.949999988079071
51,104448,670.8766848973653,156,0.860658909345782,0.14554580180544305,0.13333334028720856,0.949999988079071,50.16279069767442,52.39648942286032,18.0,312.0,1.5326668173074722,0.5921213552355766,-0.012461676960811019,0.007100498070940375,0.09251035974628584,0.860658909345782,0.14554580180544305,0.13333334028720856,0.949999988079071
52,106496,674.712478552777,159,0.8881205675449777,0.08724789177402524,0.519444465637207,0.949999988079071,40.276595744680854,31.409242526215433,18.0,173.0,1.5071036517620087,0.617829255759716,-0.021871439879760146,0.0057938541285693645,0.07755995827401785,0.8881205675449777,0.08724789177402524,0.519444465637207,0.949999988079071
53,108544,676.5641050158356,162,0.893582376940497,0.0654608530821584,0.6499999761581421,0.9527778029441833,38.310344827586206,23.565906771224814,17.0,126.0,1.411094382405281,0.6798324733972549,-0.03832414047792554,0.004803583084139973,0.06966551139174944,0.893582376940497,0.0654608530821584,0.6499999761581421,0.9527778029441833
54,110592,676.0370729276414,165,0.9037037028206719,0.08553957712007863,0.41111111640930176,0.9527778029441833,34.666666666666664,30.794248071445327,17.0,212.0,1.3880185037851334,0.6842421740293503,-0.033190714195370674,0.005185633519431576,0.06551894433668391,0.9037037028206719,0.08553957712007863,0.41111111640930176,0.9527778029441833
55,112640,674.2369578699162,168,0.9155228751547196,0.04492498322276979,0.6694444417953491,0.949999988079071,30.41176470588235,16.172994278878498,18.0,119.0,1.329753264784813,0.7520546168088913,-0.03223928948864341,0.002774363732896745,0.06668161620055824,0.9155228751547196,0.04492498322276979,0.6694444417953491,0.949999988079071
56,114688,676.940633115321,171,0.918849208525249,0.04035745389823412,0.6722221970558167,0.9611111283302307,29.214285714285715,14.528683803470447,14.0,118.0,1.3314401060342789,0.7627646625041962,-0.013351378496736288,0.0026310449466109276,0.0643919633123703,0.918849208525249,0.04035745389823412,0.6722221970558167,0.9611111283302307
57,116736,676.2599150378047,174,0.918393392820616,0.06378713312056443,0.4416666626930237,0.9555555582046509,29.37837837837838,22.963368421515064,16.0,201.0,1.3054834753274918,0.781456433236599,-0.019230879144743085,0.0027966386114712805,0.07127023417424133,0.918393392820616,0.06378713312056443,0.4416666626930237,0.9555555582046509
58,118784,679.1809214966036,177,0.9324864476192288,0.017763636516173444,0.8638888597488403,0.9583333134651184,24.304878048780488,6.394908463255794,15.0,49.0,1.2725879848003387,0.8114620447158813,-0.011614988907240331,0.001242162732523866,0.025389049664126535,0.9324864476192288,0.017763636516173444,0.8638888597488403,0.9583333134651184
59,120832,677.7441404075632,180,0.9213348776102066,0.0349094520320807,0.6972222328186035,0.9527778029441833,28.319444444444443,12.56740314916253,17.0,109.0,1.4063492715358734,0.795706994831562,0.0033482970648037735,0.0015679301286581904,0.0316878538966995,0.9213348776102066,0.0349094520320807,0.6972222328186035,0.9527778029441833
60,122880,682.1819308087539,183,0.9163927998341305,0.030045008089037168,0.8055555820465088,0.9583333134651184,30.098591549295776,10.81620449632899,15.0,70.0,1.348741576075554,0.7936127260327339,0.014146795962005854,0.0014211688830982894,0.04130318435309808,0.9163927998341305,0.030045008089037168,0.8055555820465088,0.9583333134651184
61,124928,681.7019403416583,186,0.9227611938519265,0.028796568512042462,0.7749999761581421,0.9527778029441833,27.80597014925373,10.366764929503637,17.0,81.0,1.4070199579000473,0.7880270481109619,0.005106474331114441,0.0015267591661540791,0.033739794633045744,0.9227611938519265,0.028796568512042462,0.7749999761581421,0.9527778029441833
62,126976,675.7757254004159,189,0.9133578424944597,0.03034784228357244,0.7666666507720947,0.949999988079071,31.191176470588236,10.925223584925979,18.0,84.0,1.389893263578415,0.7727304473519325,0.006698530618450604,0.002116942123393528,0.03863156367585972,0.9133578424944597,0.03034784228357244,0.7666666507720947,0.949999988079071
63,129024,676.1340792746876,192,0.9128109412406807,0.035933534013849064,0.7666666507720947,0.9527778029441833,31.388059701492537,12.936071543614403,17.0,84.0,1.3919900953769684,0.7814543545246124,0.00126985904717003,0.001756510086124763,0.03546720712468525,0.9128109412406807,0.035933534013849064,0.7666666507720947,0.9527778029441833
64,131072,675.2954669719434,195,0.9143817232501122,0.027954293244392605,0.8055555820465088,0.949999988079071,30.822580645161292,10.063546789548495,18.0,70.0,1.3789601624011993,0.7612417414784431,0.009167582902591676,0.0019818036089418456,0.05017201640769034,0.9143817232501122,0.027954293244392605,0.8055555820465088,0.949999988079071
65,133120,677.2688772397054,199,0.9112721413805864,0.052504554533646206,0.5861111283302307,0.9527778029441833,31.942028985507246,18.901640184923618,17.0,149.0,1.362758830189705,0.7703901752829552,-0.007133021717891097,0.0024689916608622298,0.04814560057491935,0.9112721413805864,0.052504554533646206,0.5861111283302307,0.9527778029441833
66,135168,673.8621618964995,202,0.92295524229606,0.029338826317498366,0.7805555462837219,0.9555555582046509,27.73611111111111,10.561977213302487,16.0,79.0,1.3282437175512314,0.7777953520417213,-0.014378622174263,0.002531564823584631,0.043254241166289495,0.92295524229606,0.029338826317498366,0.7805555462837219,0.9555555582046509
67,137216,673.5552202652118,205,0.9262306614767147,0.036408082211155726,0.6638888716697693,0.9555555582046509,26.556962025316455,13.106908831800892,16.0,121.0,1.2666461616754532,0.7989825904369354,-0.010251912055537105,0.001677527150604874,0.04019322438440311,0.9262306614767147,0.036408082211155726,0.6638888716697693,0.9555555582046509
68,139264,675.6874320079428,208,0.9274928776117471,0.020880004016058978,0.855555534362793,0.9555555582046509,26.102564102564102,7.5168012556995105,16.0,52.0,1.3993196934461594,0.8069502040743828,-0.001337924819381442,0.001247543354111258,0.029367727082483953,0.9274928776117471,0.020880004016058978,0.855555534362793,0.9555555582046509
69,141312,679.96591373787,211,0.9184663564386503,0.023478284215948456,0.8472222089767456,0.9472222328186035,29.35211267605634,8.452182969212782,19.0,55.0,1.347371518611908,0.7968836426734924,0.007550804177299142,0.0013638303062180057,0.049357411876506566,0.9184663564386503,0.023478284215948456,0.8472222089767456,0.9472222328186035
70,143360,679.002681488167,214,0.9200483068175938,0.02217118139979417,0.8277778029441833,0.9527778029441833,28.782608695652176,7.981626664358572,17.0,62.0,1.4186451733112335,0.7933117300271988,0.00766787794418633,0.0012533819099189714,0.03202844260219802,0.9200483068175938,0.02217118139979417,0.8277778029441833,0.9527778029441833
71,145408,678.8188487381736,217,0.9060648183027903,0.03568657352532043,0.7861111164093018,0.949999988079071,33.81666666666667,12.847167867752885,18.0,77.0,1.4378153830766678,0.7723625749349594,0.02030014479532838,0.002285241018398665,0.03355750453696321,0.9060648183027903,0.03568657352532043,0.7861111164093018,0.949999988079071
72,147456,678.6625136523603,220,0.9150854660914495,0.036036973620530696,0.7388888597488403,0.9527778029441833,30.56923076923077,12.973308967342533,17.0,94.0,1.357004314661026,0.7585787177085876,0.004374392505269498,0.0025664085696917027,0.045277359203371406,0.9150854660914495,0.036036973620530696,0.7388888597488403,0.9527778029441833
73,149504,680.9848393703878,223,0.9178795025382244,0.03690364181569243,0.6972222328186035,0.949999988079071,29.56338028169014,13.285311590875597,18.0,109.0,1.3343569040298462,0.776834599673748,-0.014773696311749518,0.0023193454544525594,0.03749378906448468,0.9178795025382244,0.03690364181569243,0.6972222328186035,0.949999988079071
74,151552,678.5277961146681,226,0.9235555585225423,0.0276566230718492,0.7472222447395325,0.9527778029441833,27.52,9.956384886091941,17.0,91.0,1.3386379033327103,0.7991748824715614,-0.00849850260419771,0.0016552555607631803,0.04222836467609437,0.9235555585225423,0.0276566230718492,0.7472222447395325,0.9527778029441833
75,153600,681.2783283475646,229,0.9231851840019226,0.024051953989308282,0.8416666388511658,0.9527778029441833,27.653333333333332,8.658704034412745,17.0,57.0,1.4070622473955154,0.7996231690049171,-0.00068566037225537,0.0014325016381917521,0.03304502072594183,0.9231851840019226,0.024051953989308282,0.8416666388511658,0.9527778029441833
76,155648,678.9282456692505,232,0.9165861520214357,0.029564024359475718,0.7777777910232544,0.9527778029441833,30.028985507246375,10.643050416079511,17.0,80.0,1.4269018322229385,0.7910157814621925,0.010428775800392032,0.0012917027197545394,0.05043778422037948,0.9165861520214357,0.029564024359475718,0.7777777910232544,0.9527778029441833
77,157696,679.2179233928072,235,0.915942030540411,0.027740117687781396,0.8277778029441833,0.949999988079071,30.26086956521739,9.986443236669333,18.0,62.0,1.4072023332118988,0.7858570590615273,0.008234306093072519,0.0019520835048751906,0.04492586942916622,0.915942030540411,0.027740117687781396,0.8277778029441833,0.949999988079071
78,159744,679.6677999033266,238,0.9129340276122093,0.0338259984172829,0.800000011920929,0.9555555582046509,31.34375,12.177359563448062,16.0,72.0,1.401920646429062,0.7736771702766418,0.009544503409415483,0.0016417189908679575,0.028332750258617527,0.9129340276122093,0.0338259984172829,0.800000011920929,0.9555555582046509
79,161792,680.1667404641322,241,0.9145936957046167,0.0294963541014478,0.7888888716697693,0.9583333134651184,30.746268656716417,10.618687109422877,15.0,76.0,1.3717225939035416,0.7711439579725266,0.0011319764307700098,0.002034741046372801,0.03731869207397287,0.9145936957046167,0.0294963541014478,0.7888888716697693,0.9583333134651184
80,163840,681.7421391913763,244,0.9199999988079071,0.02622063811008188,0.8277778029441833,0.9527778029441833,28.8,9.439430975586248,17.0,62.0,1.365124449133873,0.780839815735817,-0.010067063034512103,0.001694673002930358,0.04330393856815495,0.9199999988079071,0.02622063811008188,0.8277778029441833,0.9527778029441833
81,165888,678.5447333824196,247,0.9224885840938516,0.024700834706928503,0.7861111164093018,0.9555555582046509,27.904109589041095,8.892299860548341,16.0,77.0,1.3935222923755646,0.7914682850241661,-0.01238489046227187,0.001291983098781202,0.02779823555450031,0.9224885840938516,0.024700834706928503,0.7861111164093018,0.9555555582046509
82,167936,675.0834462934414,250,0.9178513060597813,0.0284211265648394,0.8111110925674438,0.9527778029441833,29.573529411764707,10.231606418162974,17.0,68.0,1.3597802370786667,0.7875497564673424,0.006275203253608197,0.001977705513127148,0.05413631421466386,0.9178513060597813,0.0284211265648394,0.8111110925674438,0.9527778029441833
83,169984,678.4863141001666,253,0.9226912012347928,0.024250851005572508,0.8222222328186035,0.9527778029441833,27.83116883116883,8.730306368231549,17.0,64.0,1.3579261749982834,0.7958857640624046,-0.01375605072826147,0.0012106638387194835,0.04529151501192914,0.9226912012347928,0.024250851005572508,0.8222222328186035,0.9527778029441833
84,172032,679.2007376856174,256,0.9211567746449824,0.022000560669184946,0.855555534362793,0.949999988079071,28.383561643835616,7.920201562722077,18.0,52.0,1.3903387039899826,0.7986067309975624,0.0004308337884140201,0.0013390530366450548,0.024294922769472593,0.9211567746449824,0.022000560669184946,0.855555534362793,0.949999988079071
85,174080,678.887948730371,259,0.9229354359008171,0.02353064591901068,0.8361111283302307,0.9555555582046509,27.743243243243242,8.471033012105671,16.0,59.0,1.4121959507465363,0.796295665204525,-0.0007719076020293869,0.0012560003815451637,0.02695484188014774,0.9229354359008171,0.02353064591901068,0.8361111283302307,0.9555555582046509
86,176128,677.5721051457931,262,0.9169191898721637,0.02714656554563845,0.7666666507720947,0.949999988079071,29.90909090909091,9.7727625087455,18.0,84.0,1.4439700245857239,0.7853222489356995,0.003817572011030279,0.0014466550201177597,0.03799431149481362,0.9169191898721637,0.02714656554563845,0.7666666507720947,0.949999988079071
87,178176,678.0417997402899,265,0.9159932660334038,0.01966006141741699,0.8583333492279053,0.949999988079071,30.242424242424242,7.077622880473372,18.0,51.0,1.4224202781915665,0.7810743376612663,0.006342854554532096,0.0012292054889257997,0.024431314158909,0.9159932660334038,0.01966006141741699,0.8583333492279053,0.949999988079071
88,180224,679.041274324329,268,0.9060648143291473,0.03564691663144439,0.7805555462837219,0.9583333134651184,33.81666666666667,12.832889602718305,15.0,79.0,1.4310939610004425,0.7692488580942154,0.01292883895803243,0.0021172949200263247,0.04600218374325674,0.9060648143291473,0.03564691663144439,0.7805555462837219,0.9583333134651184
89,182272,677.5896895779443,271,0.9143317229505898,0.031082137060051866,0.8138889074325562,0.949999988079071,30.840579710144926,11.189569662375474,18.0,67.0,1.3926998376846313,0.7727173045277596,-0.009153118706308305,0.0016625307616777718,0.025962032530602433,0.9143317229505898,0.031082137060051866,0.8138889074325562,0.949999988079071
90,184320,679.2183530466299,274,0.9202660406139535,0.02627960901119593,0.800000011920929,0.9611111283302307,28.704225352112676,9.460658891083739,14.0,72.0,1.3831493109464645,0.7816821560263634,-0.010031975631136447,0.001703151676338166,0.026777570543439842,0.9202660406139535,0.02627960901119593,0.800000011920929,0.9611111283302307
